4683	
	0.5874958078	0.5409087558	0.5371678714	0.6863409617	0.6404513905
	0.4994364311	0.6023817227	0.4620589438	0.6257073402	0.5438624363
	0.4765858044	0.4666236691	0.4560931976	0.6162272207	0.5071826015
	0.5023173193	0.4743923086	0.4810217861	0.8058438799	0.7571489835
	0.6985507046	0.4213453685	0.3894502179	0.4108956437	0.7151506162
	0.753388923	0.5910436702	0.428949967	0.4010849839	0.4061259057
	0.5363476825	0.6871329211	0.5595262959	0.4314860941	0.463647126
	0.5406915879	0.5470703366	0.5824559107	0.9491582668	0.9031637577
	0.8341344042	0.3528601829	0.3444306563	0.3256441567	0.3603005722
	0.8190387921	0.8225962632	0.9027306517	0.6525815748	0.3469113704
	0.3692477457	0.33953605	0.6169570375	0.6329309561	0.7581937846
	0.3964070877	0.4998859926	0.4227703173	0.5969324564	0.6400357873
	0.6238494583	0.6866532575	1.042563025	1.096844363	0.4416103333
	0.5685743436	1.006068709	0.2917338643	0.3073160318	0.2763198307
	0.2937265306	0.9528994582	0.8822154355	0.9809032827	1.029964969
	0.7650892494	0.2916180938	0.3390347854	0.3076246308	0.7101318362
	0.7193678926	0.3542836797	0.4892781688	0.3836915923	0.7091392516
	0.670647063	0.7660506868	0.7981550928	1.136611548	1.164156749
	1.212856151	0.4123995155	0.6461801581	0.555720341	0.6062824122
	1.138198269	0.2356040802	0.2552513192	0.221725538	0.2418585577
	0.2429143234	1.104038777	0.9159712047	1.05612586	1.107969723
	0.8610865853	0.2629426016	0.296431144	0.8237686884	0.3289058034
	0.509958604	0.7907280069	0.8585854593	0.7539949183	0.9207366701
	0.9319033219	1.255865663	1.237956117	1.268973906	1.308576501
	0.391845656	0.34506288	0.4564805436	0.7191344734	0.6083664933
	0.8652607172	1.347979456	0.2462886775	1.234016245	0.1857672729
	0.2075860401	0.1770458649	0.2023321714	0.2134074189	1.212693386
	1.036713548	1.175677006	1.189986735	0.9824970189	0.2688652803
	0.2845372453	0.5360278139	0.9502601142	1.018340763	0.888793796
	1.069634717	1.063984432	1.073396758	1.32338353	1.320476027
	1.311192701	1.404296851	0.4615469475	0.3899082414	0.3234069413
	0.7191231566	0.8234650928	0.6272911805	0.995982721	1.382497778
	0.2232648955	0.2012822311	1.450570331	0.3440666032	0.3360948702
	0.3826094318	0.3997686425	1.323016222	0.1461584589	0.1414074423
	0.1670325507	0.137094214	0.1741057129	0.1679965021	1.299050585
	1.158171908	1.266178645	1.256090846	1.29298138	0.2244737268
	0.2583255743	0.5458905524	0.6232790087	1.106987194	1.154289835
	0.9509485094	1.035380383	1.06949801	1.180909388	1.186078127
	1.390514987	1.378956087	1.46285333	0.4602847717	0.2837741025
	0.7217236394	0.8362963253	0.9468571074	1.435698272	0.181342184
	0.1627986246	1.469157185	0.2931424933	0.3541224402	0.4250164254
	0.3779537326	0.319776894	0.3326625663	0.4444182751	0.4653391975
	0.4824862351	0.8370585157	1.337891506	0.3106698595	1.395099565
	0.1065318377	0.1039003249	0.136361274	0.1087404551	0.1317815592
	1.345908139	1.267287072	1.345909207	1.374424079	0.2099919336
	0.1707221684	0.2370599684	0.5382012319	0.6303510963	0.6523278624
	0.7491460252	1.220543152	1.185662253	1.258670547	1.083106373
	1.149007839	1.267224786	1.466844646	1.438190752	1.488909992
	0.9798329368	1.051898924	0.1377553748	1.499038754	1.489073142
	0.2497142541	0.2851036825	0.5135777916	0.4528072828	0.4052004285
	0.3412500649	0.2642039456	0.5181944754	0.5401701025	0.9291602834
	1.38645769	0.2871390158	0.2590431229	0.456737646	0.1735217405
	0.4023147254	1.071094668	1.269923209	1.395039806	0.5344844916
	1.422603135	1.436225332	0.08088493287	0.07183913219	0.09682553141
	0.105399566	1.346114469	1.411883268	0.1818223499	0.1321000567
	0.1405218817	0.2085734592	0.6227809358	0.7549226206	0.7199594495
	0.8637645605	1.312855218	1.244082152	1.333958968	1.190165534
	1.130637128	1.483930527	1.498417565	0.1021060899	1.504328517
	1.508387808	1.510427323	0.2225977172	0.6050948407	0.5970609807
	0.4731511068	0.4359595621	0.3672286571	0.3062169129	0.2219037731
	0.6069993356	1.019816455	1.433599984	0.2407277746	0.3983404129
	0.4114904302	0.3411702995	0.3473747734	1.137961202	1.178188062
	1.315778538	1.36212567	1.389906429	1.435284784	0.6111441212
	0.6280101476	0.5348368494	1.526482181	0.294536381	1.312422739
	1.458739852	1.474458622	0.05206651022	0.0653095063	0.0466151924
	0.07541237057	1.410003766	0.1726226845	0.1393723105	0.1047842641
	0.1106314455	0.7163929253	0.922127068	0.8507123702	0.8216240849
	1.373939586	1.279552693	1.238780135	1.504895113	1.507881009
	0.07778483291	1.511093147	1.514982184	0.1855708779	0.6929326174
	0.702324678	0.5225009051	0.466698076	0.3775205783	0.315370407
	0.2548183253	0.1925674285	0.7263312175	1.123609552	1.033605776
	1.477548237	0.2052416682	0.3538369207	0.3693413047	0.2703484229
	0.3060857337	0.2921947046	1.212684188	1.204500062	1.261430558
	1.364450266	1.39978491	1.441114055	1.470440531	0.6947066245
	0.5932931147	0.7219009629	1.530627762	1.52675875	0.2641333088
	1.385727802	1.329052494	1.453311789	0.877991758	1.497397589
	1.505757908	1.514069717	0.0271202676	0.03923781721	0.04922227601
	0.05280211577	1.443774437	0.1267263778	0.1483698402	0.09770924906
	0.08393870767	0.8090622137	0.9812688135	1.315174101	1.511450275
	0.06088425822	1.528208048	1.51806412	0.1513889605	0.8191454747
	0.8459657326	0.5652239802	0.6351613795	0.4188411331	0.4905320752
	0.3599627711	0.3031409859	0.2085679012	0.2565072126	0.1598251327
	0.8458626042	1.185616004	1.09756325	1.489398238	0.1699236015
	0.3126638651	0.3233464147	0.2420620306	0.2474355829	0.2685252236
	0.2700731617	1.279234485	1.255826247	1.334248314	1.42131696
	1.426104437	1.480788467	0.8300923105	0.7720075046	1.531689374
	1.535744817	0.2436586308	1.360791388	1.415142669	1.473396817
	1.026362864	0.9381765281	1.542046209	0.2707705203	1.492822983
	0.2252122915	0.2232298898	0.2409491072	1.505763183	1.51317864
	1.520135174	0.02326039274	0.01288026757	0.0303705499	0.04114719951
	1.467929869	0.1139790325	0.08454124125	0.06471218339	0.9481184285
	1.128847876	1.383801705	1.521967239	1.532490426	0.1235253416
	0.9723741337	0.9739700901	0.5700038126	0.650057668	0.7080326212
	0.4230794708	0.4974475288	0.3591360226	0.2983458827	0.1900466412
	0.1569435967	0.1307103189	0.9577266419	1.218269482	1.262349114
	0.2679342066	0.2195097792	0.2261653514	0.2480803789	1.317494866
	1.310235203	1.353689151	1.392901518	1.435914202	1.454215964
	1.497563025	0.9356190211	0.8413979303	1.538750816	0.2364911762
	1.435770111	1.477589123	1.048832518	1.126878585	1.551267412
	1.546468323	0.2365133026	0.2181882911	1.508501741	0.2211039847
	0.269240442	0.1854812162	0.1948856211	0.2041168946	1.564795277
	0.209882723	1.13048604	0.3161718302	0.07206718641	0.8308727157
	0.2239598377	0.1905371448	1.529287486	1.517826124	1.527402973
	0.0128617164	0.003986879621	0.02245570915	0.03808880247	1.482577824
	0.09852060099	0.05553008213	1.08681842	1.214710861	1.411760926
	1.53946593	1.090023042	1.068045761	0.6844422995	0.5909982806
	0.7876648611	0.4357813789	0.5191036745	0.3655861105	0.146784367
	0.1186017694	1.052311696	1.282926228	1.297432221	0.2016369851
	0.2043287088	0.2380082488	1.354658143	1.334118409	1.404554776
	1.464315777	1.454426392	1.507819908	1.496856377	1.035945277
	1.046508979	0.9510056989	0.2388829807	0.2156440609	1.441427651
	1.491387018	1.203152151	1.552322692	0.2034066055	1.516656177
	0.2687291976	0.2356248769	0.1957667083	0.1721615863	0.3294308468
	0.1673915346	0.1891707265	1.566178189	1.580041809	0.2124131312
	0.2012712306	1.185666636	0.3688972824	0.06778372584	0.04970425566
	0.9349100419	0.1800631424	0.1744154606	1.538434426	0.2930834017
	0.2316196222	0.2649631558	0.299840311	0.3176600294	1.45439555
	0.9149860892	1.529837937	0.003263043661	0.009008161168	0.0005843869889
	0.01006728246	0.02128597579	0.03501325701	1.486032901	0.08893635353
	1.186253751	1.272688044	1.421924652	1.54887154	1.160909664
	1.145229369	0.827173337	0.7115657483	0.6138199373	0.4281024141
	0.5003606566	0.5913130769	0.1328333135	0.1094156347	1.137306517
	1.333363962	1.321502358	0.179593668	0.2536097985	1.384168232
	1.362257873	1.419398502	1.39996542	1.470436434	1.499381061
	1.516342002	1.046629387	1.115934885	1.117811495	0.23947875
	0.2533454966	0.2160856844	1.453136916	1.250085037	1.562685708
	0.194689598	1.522058063	0.2910466019	0.1958767359	0.252035061
	0.1590146297	0.4144155016	0.391856785	0.1690478302	0.1762650673
	0.1885640107	1.573656535	1.590796016	1.596460801	0.2204656975
	0.2109442624	0.06096898195	0.04019362248	1.013943178	0.1805837794
	1.538082132	0.2805813441	0.3018036555	0.2507573729	0.2992894967
	0.3009115529	0.3522390404	1.462522994	1.023013709	0.9501078825
	1.610220829	1.237496277	0.2456039849	1.531249456	0.0006456069802
	0.003176137243	5.940660894e-05	0.009392454174	0.003314459681	0.02121369144
	1.491886952	1.483105097	0.07898934277	1.29108648	1.321455967
	1.432895255	1.546575435	1.227589997	1.2120656	0.9386876146
	0.836064877	0.7141515479	0.4925472213	0.5818364162	0.7019106823
	0.09969241912	0.1246193507	1.197926506	1.357947401	1.359760335
	0.1802517931	0.2725699928	1.394949968	1.400545402	1.426832418
	1.503582466	1.52114431	1.098507944	1.13062814	1.183556067
	0.2785108251	0.2432782106	0.2086077677	1.453773479	1.577917556
	1.56325591	0.193151646	0.3074453016	0.3601216271	0.2059401471
	0.169223423	0.145056755	0.3024999971	0.4793921317	0.4128836718
	0.4593406625	0.1714239215	0.1868488388	0.185420629	1.600246273
	0.2166461972	0.2374051919	0.0498596336	0.0276875383	0.2724470123
	0.2988933866	0.2585865609	0.2963560811	0.2896117767	0.2965377726
	1.472375916	1.457781062	1.102740475	1.042463435	1.612230878
	1.611870325	1.274754568	0.2479446198	0.2971213609	0.1885510248
	0.2884126056	0.226184878	1.537931611	2.636602869e-05	0.0008604400782
	-2.166407758e-31	0.003659706413	0.01164918641	0.0009333086472	1.490994304
	0.07017296618	1.318032008	1.329763464	1.352474672	1.429592482
	1.445213617	1.434207949	1.26571963	1.244122031	1.017594499
	0.9567997211	0.8432243833	0.574888918	0.6824548869	0.8225443589
	0.1053846331	1.220173322	1.247092098	1.398395832	1.38372264
	0.177309657	0.2964298761	1.412174299	1.510730467	1.158126663
	1.19877748	0.270646891	0.3073212662	0.2451544621	0.2274213455
	0.1856012393	0.2048167118	1.575558887	1.595749315	1.549549093
	0.2143985161	0.3686907922	0.4339315885	0.1998999669	0.161252067
	0.1310421895	0.3657382411	0.5562999916	0.4864263991	0.1802659634
	0.1884704949	0.2501725827	0.0405300461	0.02061710792	0.2877185888
	0.2928452683	0.2761905578	0.2989246097	0.3003298258	0.2945334634
	0.2938802186	1.467094753	1.483603987	1.456682984	1.16471918
	1.12697513	1.091371856	1.610957734	1.323877509	0.30551575
	0.2512161704	0.3572049569	0.2021880393	0.2822535133	0.298237423
	0.2414468862	0.2336729333	0.2866971613	0.2753452213	0.2830900742
	0.2850174964	1.31591269	0.5654562892	0.7815199499	0.3056118597
	0.3181316965	0.2828407455	0.1988081127	1.520882074	0.000115129572
	-4.549947287e-22	0.007413433317	0.001175545155	0.0002374106477	1.497375973
	0.08189587282	0.05662138473	1.365149115	1.365484368	1.422712998
	1.441656514	1.42946082	1.288471305	1.057547087	0.9547423548
	1.036501968	0.6866262784	0.9054884282	0.1070279812	1.263975371
	1.281745213	1.41398812	1.395985954	0.1861480039	0.3249674672
	1.222581573	0.2767092439	0.217822814	0.2155833851	0.1892913764
	1.588317297	1.561897202	1.523025127	1.538404085	0.2344229782
	0.4453789443	0.5276526447	0.2343111441	0.1786275301	0.1380263703
	0.432046809	0.6682611776	0.1857427793	0.2560440172	0.03397912474
	0.01748176651	0.2902692881	0.2891342147	0.2974263675	0.3020703023
	0.2908824139	0.2927093005	0.2957720185	1.452586444	1.473611996
	1.182744297	1.219097842	1.142317869	1.133523901	1.59509088
	1.34038258	0.2993452119	0.3816037278	0.2124024304	0.2883922047
	0.3108643726	0.245224158	0.2217391435	0.2842239	0.284603306
	0.2866289471	0.2739488176	0.289365858	0.2871112809	1.338089973
	0.6455005721	0.8430457562	0.2996137897	0.2905643504	0.3338699322
	0.3325974521	0.2768607615	0.2844937478	0.2076488826	0.196658271
	0.2867151066	0.2884861423	0.2227942605	0.2376420205	0.1887832328
	0.9921841036	1.349731934	0.2960581692	0.2762012648	0.2054771631
	0.2796519621	1.489999875	7.921473706e-06	-4.525734456e-31	0.004591797775
	0.01503664614	0.0002657277582	6.010589895e-05	0.001826700135	8.426886682e-06
	0.07801491946	0.05151832516	1.380042965	1.363038559	1.418774496
	1.437303712	1.423783058	1.314244795	1.122853842	1.054696895
	1.110909781	0.8049201254	0.9746532437	0.1092856845	1.280937093
	1.254675126	1.297291484	1.406138095	1.391349611	0.2068022908
	0.3374606473	0.2531073514	0.2751118073	0.1999727917	0.2007993594
	0.2063622861	1.571271739	1.543295848	1.540557447	1.497844951
	1.510977548	0.2344718086	0.5258103383	0.623769337	0.2815404219
	0.1535549427	0.4956925189	0.7904911518	0.2613126405	0.2506876161
	0.0307308663	0.3007069151	0.2794137852	0.2946419955	0.2969681624
	0.2927760999	0.2893933648	0.2924636918	1.457978759	1.197007988
	1.230936896	1.172901776	1.565064621	0.369322113	0.315317223
	0.4444689522	0.2187445416	0.2774797525	0.3074505374	0.3284514587
	0.2462152897	0.2258062374	0.2814107036	0.2813957686	0.2832546824
	0.293736028	0.2902048192	1.334598231	0.7349127118	0.9273276576
	0.286910406	0.2943268188	0.3403090662	0.334609966	0.2749618626
	0.2714214964	0.2032031305	0.1965901115	0.2072565892	0.2843765861
	0.2860525638	0.2876498611	0.2791543521	0.2108311661	1.059957605
	1.353678314	0.2884528074	0.1938909632	0.2789397695	0.2634808741
	0.3131010322	1.045179831	0.2807712122	0.3333494588	0.2974428447
	0.3396389211	0.2972227198	0.300948766	0.3025159068	0.3059562638
	0.2853660027	0.2811039431	1.333933927	0.2527287195	0.2077564389
	0.2842364742	0.3455610376	1.457983233	9.505480815e-24	5.679135681e-07
	0.00831686342	0.03190774043	0.02142752495	0.001137452281	7.88665891e-06
	0.0002353461845	0.004745977367	0.07470101893	0.05095272947	1.38149073
	1.375903299	1.406564609	1.435857629	1.42065105	1.420274604
	1.406165535	1.312349964	1.153247802	1.122617791	0.9303874836
	1.023071882	0.1291129555	0.09620496991	1.301983252	1.28482468
	1.248004582	1.393504458	0.217558587	0.342959335	0.2622913757
	0.2584787906	0.1851253189	0.1883126012	1.529376023	1.499826955
	1.472989884	0.2551847419	0.2345331542	0.6266966868	0.7431775984
	0.3655993245	0.3451905942	0.1659027908	0.5245209862	0.6024409241
	0.8961268778	0.8428046906	0.2581544397	0.2739245656	0.2531410724
	0.3021198667	0.2666584351	0.3000045506	0.2865453344	0.3069338327
	0.2988821893	0.2876661625	0.2928419707	1.225510624	1.251308515
	1.198475496	1.52319169	0.4348638051	0.5149341481	0.2911447948
	0.3227996474	0.3244896985	0.2489656195	0.2070175552	0.2800336003
	0.2823757988	0.2942495046	0.2947049577	0.2945544341	0.3292853965
	0.270192419	0.2626927189	0.1803652589	0.2025576993	0.1726647096
	0.2884436944	0.2920976316	0.2802996612	0.2607387774	0.3548046537
	0.2100974226	1.093461083	1.343328671	1.3620768	0.2841101481
	0.1764530145	0.2625751062	0.2736929843	0.3284776434	0.310106964
	0.256619711	0.3397493392	0.2997146853	0.299649034	0.2997080551
	0.2973612108	0.3042692259	0.3326052125	0.2943015907	0.2593898537
	0.2432964395	0.2966661353	0.2725405102	1.32910384	0.2635491116
	0.2611013348	0.21172699	0.2035034615	0.2824978385	0.2973236011
	0.3494317227	0.3581615054	0.2649670921	1.467184205	0.2910110741
	1.177466791	0.2976212057	1.257471662	1.334050165	0.6925531109
	0.5337144548	0.828804397	1.404497095	1.288198108	1.219968606
	0.1071710414	0.2959742795	0.398595454	1.424162004	1.412350511
	1.223553382e-06	-5.404675331e-31	0.01138756943	0.04115015914	0.05323073741
	0.02597189311	0.002693134571	2.008170656e-07	4.7549759e-05	0.0008009161363
	0.07623984123	1.380571452	1.367678208	1.397829015	1.398455031
	1.400473562	1.317848237	1.178057665	1.152404432	0.9798291071
	1.034365684	1.083073525	0.1407573613	1.298713656	1.273650211
	1.262955286	0.219199584	0.3559410727	0.2692365672	0.2589912018
	0.1680319622	0.1576584713	1.466930205	1.440947194	0.2412368937
	0.2636833402	0.7803246835	0.8548545988	0.4504568231	0.4167799445
	0.1777681026	0.6296483413	0.7372233614	0.9458051159	0.2582516771
	0.2652138805	0.2901253531	0.3013557228	0.2935345911	0.2971018114
	0.2879960557	0.2962233137	0.2800362713	1.242614529	1.243870077
	1.207807495	0.5346166768	0.6232393522	0.2983264724	0.3221753439
	0.3288365679	0.2097259153	0.16835759	0.27655315	0.2851146796
	0.2955700261	0.2898139407	0.2637516637	0.2710224503	0.1827554642
	0.1606395885	0.1446292081	0.2910287885	0.2727277399	0.2257412361
	0.2847532516	0.4554344599	1.134843118	1.323333475	1.344770271
	0.3102303689	0.148101691	0.2759790078	0.2739175914	0.3480773002
	0.3291836038	0.3063193116	0.3160626457	0.2704577757	0.3034128265
	0.2969789962	0.3046668784	0.3022896518	0.2970438481	0.3612766213
	0.42355878	0.2914277277	0.2218153454	0.2522667498	0.2065107159
	0.2984337494	0.2775381394	0.2711650084	0.2697323907	0.2725808324
	0.2109646224	0.2125495947	0.3072149799	0.2893323383	0.3517615475
	0.3701785459	0.3748089708	0.2947714007	1.420770738	0.2923565709
	1.151905951	1.095865738	1.290716573	1.358484233	0.6331865456
	0.5002113962	0.4344207297	0.5989276568	0.7327122821	0.9223469161
	0.8246239271	0.916417045	1.281545708	1.228831432	0.1031147794
	0.2905807718	0.4976283985	0.3345536661	0.1751064537	1.010327726
	0.4449994751	0.6071912357	1.162505413	0.3000228826	0.3532546518
	0.5504114518	1.37959241	1.376952893	1.369396414	7.816980301e-08
	6.419247539e-07	-3.018505916e-31	0.0118295424	0.06440593668	0.07331289298
	0.04493619134	0.03939515433	0.02277036186	0.004759641614	0.00495689927
	1.369337376	1.386005178	1.356681736	1.380570585	1.303701895
	1.18575317	1.038337559	1.091910976	1.139691831	0.1406734794
	0.1821388391	1.286687822	1.268476777	0.2184879954	0.3658943944
	0.2737616821	0.2198166374	0.1437316516	0.1300768349	1.40734796
	1.398583713	0.2441252388	0.2676763783	0.8555151203	0.9094605747
	0.5254180689	0.5839652626	0.7468046019	0.8201813191	1.03647884
	0.9812765419	0.2761529729	0.2816420897	0.2842575014	0.2960278038
	0.3191568974	0.2863670704	0.2924123705	0.2921634657	1.232636823
	1.25513586	1.216900755	0.6740775378	0.3021990723	0.3268361043
	0.168817608	0.1435659745	0.2802775759	0.2789601989	0.303740183
	0.2744893057	0.1909428268	0.1493869423	0.1348759543	0.2845910481
	0.2778160655	0.2876943856	0.2309279041	0.291193241	0.3400388586
	0.5774603673	1.306736291	1.325690875	1.336358689	0.2929720763
	0.124652525	0.2642843874	0.2787408323	0.2856270582	0.3099686358
	0.3348610162	0.2994409653	0.2893021324	0.282751488	0.3032378572
	0.3070024046	0.3019782581	0.3148776155	0.2976213966	0.4167875987
	0.5333970261	0.2805032743	0.2049257857	0.1934102601	0.197490362
	0.2398086569	0.273033535	0.277109677	0.2691440811	0.2898934234
	0.2566147494	0.2642122539	0.2194914294	0.2209322324	0.3026521493
	0.2847229264	0.3550963037	0.3783335952	0.3698991923	0.3715608769
	0.32539049	1.359639884	0.2876320892	1.071614026	1.106510061
	1.17166654	1.300426913	0.6947113013	0.4496449636	0.3720505818
	0.7789216286	0.9995208948	0.8735372063	0.9657548391	1.24334504
	0.1043859924	0.2858135357	0.6129600921	0.2361073929	0.1753089683
	0.1762071583	0.5279524448	0.6531550551	1.175292903	0.2922226882
	0.3679017823	0.3495501481	0.5726887679	0.4835486982	0.2540427016
	0.2513818695	0.2443260081	0.2062658685	0.9071007232	1.32968507
	1.31658131	1.335672069	1.357390809	1.330928681	0.01177292865
	0.0660480336	0.09439708758	0.06401000693	0.03543090489	0.05343179632
	0.02377711533	0.01722851386	1.347503171	1.291580778	1.200888675
	1.081762691	1.139595514	1.160542134	0.1861473356	0.1339101681
	1.284525733	1.270449642	0.2322194567	0.3685819701	0.3107383909
	0.2653787617	0.2129541032	0.1193837765	0.1261674834	1.346885626
	0.2580737802	0.285207709	0.9618911685	0.6719307711	0.7179242133
	0.8016602761	0.8670090689	1.046191871	0.2921675448	0.3000192912
	0.2748526775	0.3101784365	0.2934882511	0.2907898991	0.2890558999
	1.239761642	1.251766403	1.218341019	0.3360050073	0.1801376317
	0.1537612729	0.2737664594	0.2732772443	0.2841734396	0.2694018975
	0.1806717506	0.140253812	0.1310943707	0.2869770067	0.2762198286
	0.2458324636	0.3171070785	0.3829899539	0.6953117445	1.28592239
	1.304775216	1.314781735	1.325143033	0.2846194502	0.1208705794
	0.2639534064	0.2482614439	0.2634618099	0.3222258721	0.284576813
	0.2825869277	0.2658197279	0.2994421555	0.2481351147	0.3042944378
	0.2909484193	0.2902557564	0.2798127407	0.2722839617	0.4930625101
	0.645062586	0.1771957137	0.1742082503	0.2368930475	0.2256660402
	0.2636713928	0.2355318724	0.2815640578	0.2331803603	0.2045214283
	0.2947744539	0.3001004153	0.385790594	0.367244692	0.3809444479
	0.3712792357	0.2918871913	1.302375494	1.040369865	1.106752981
	1.18603646	0.7409382064	0.3813744756	0.2730309832	0.8325385629
	0.91457709	0.9768541916	1.247701701	0.3012349294	0.7224921148
	0.1372749172	0.1726236545	0.1764695785	0.1782354464	0.6128047751
	0.6586825922	1.181736498	0.2796718768	0.3883769838	0.3695472556
	0.5715200523	0.4755783693	0.2638012273	0.2590236329	0.2076022774
	0.1876188505	0.2042865809	0.951923334	0.9722809553	0.232635848
	0.2780138692	0.1904285468	0.1314845309	0.04220132758	0.1985661572
	0.2440874041	0.1978552396	0.1566574493	0.2127750312	0.1723972265
	0.5858438144	1.283509792	1.25913945	1.275596699	1.279467753
	1.312052583	0.09344977068	0.1314495842	0.08368692016	0.04239212569
	0.05820745264	0.07670500051	0.03445875411	1.266040026	1.205179327
	1.117565737	1.155762742	1.081357384	0.1700918903	0.2242400369
	0.246228293	0.3923125863	0.3015850949	0.3475890643	0.2562785729
	0.2228540457	0.1288884633	0.1224641529	0.2742477555	0.3006597104
	1.02576542	0.7753691149	0.8159259996	0.8944629955	0.3093361802
	0.3168824932	0.2956240298	0.3019882524	0.2926458304	0.2886579479
	1.231074526	1.240710686	0.1915116902	0.163079242	0.2787919243
	0.2688688124	0.2616271177	0.1645770269	0.1680273465	0.1603815486
	0.2843210966	0.2549219402	0.2809987842	0.3520117785	0.3926314387
	0.4774789604	0.8002296484	1.266563462	1.28631025	1.297679521
	0.1306679368	0.2448460108	0.2591393502	0.2370293384	0.3347559199
	0.2626702554	0.3057302651	0.2378561312	0.2668868248	0.219133619
	0.2014096749	0.2536868679	0.2682483836	0.2537837843	0.2451988459
	0.2350967402	0.7200603055	0.7654149322	0.165041589	0.1612929881
	0.2137370005	0.1675126175	0.2159997742	0.2543611045	0.2176268956
	0.189911467	0.3084618703	0.3174994464	0.41149337	0.3941412569
	0.3743211458	0.4091695683	1.032801031	1.083237503	1.146631558
	1.209466551	0.7343254962	0.8121380219	0.3776713456	0.2781848687
	0.1746185276	0.8932254466	0.9539663549	0.3172841837	0.8140223303
	0.1784833186	0.6937672641	0.6731325671	1.170968574	1.200016213
	0.240822751	0.409308273	0.3803686672	0.5791818649	0.4630636264
	0.2490799668	0.2704403308	0.1690963565	0.1772956122	0.183355734
	0.9614408277	1.024518292	0.2681851349	0.2208803062	0.1546899448
	0.08850863097	0.06552833829	-0.03838656325	0.08322885905	0.15774989
	0.1441731132	0.1900855852	0.1689664534	0.1514639477	0.5717763097
	0.6693999411	-0.1392097139	-0.100258865	0.3849654795	0.4317889109
	0.4355424999	0.3224072517	0.7735467784	1.263048498	1.233319977
	1.191801522	1.215985162	1.200484448	0.116071673	0.1584447482
	0.1844549325	0.1131468176	0.06964909202	0.05733156385	0.08785572525
	1.244226764	1.210217445	1.165347378	1.121623964	1.058525619
	0.2397048694	0.3015074663	0.2593080808	0.4287526359	0.2907172166
	0.3365072194	0.2412383216	0.2101803727	0.1394165644	0.1307097284
	0.2862741087	0.2942245762	0.8635751263	0.9213267337	0.3023042487
	0.3028600708	0.2938140492	0.283995089	0.2858388969	1.217603165
	1.22184515	0.1807505356	0.15426664	0.2774744591	0.2559247823
	0.2348968459	0.1927334634	0.1984111688	0.169888982	0.2703105499
	0.2271647486	0.3984698553	0.4632727572	0.8790618775	1.25584334
	0.1393988577	0.2331007406	0.2322514173	0.2502944899	0.3510369655
	0.2366560691	0.2826598451	0.3195155959	0.2211127088	0.192163145
	0.1733098208	0.1536854257	0.1539403423	0.2118333154	0.2209654218
	0.2143199641	0.2074738888	0.8108745881	0.8559457478	0.1540172429
	0.1311534035	0.1898770458	0.1470376932	0.1931368563	0.231630791
	0.1982144365	0.302812681	0.2993943746	0.4219721189	0.3988822021
	0.3619981262	0.4474509141	1.003201612	1.14967483	1.083936803
	0.7792908231	0.8609263773	0.3410019602	0.2788826074	0.1794527235
	0.9150553479	0.2936263322	0.2095987498	0.7563265058	0.6424963464
	0.7340791051	1.175652603	1.18994965	0.2001749418	0.3983683532
	0.3683537446	0.4913951678	0.5568915114	0.401552085	0.2333753112
	0.1674420057	0.1760308506	0.9933723319	1.046988914	0.2835928051
	0.2589577788	0.1214269005	0.03873814711	0.06698787337	0.004380461043
	-0.0004346563056	0.08575312051	0.1437960281	0.1378688853	0.1543102224
	0.1735566046	0.1527602613	0.6865978837	0.5878923259	-0.05620192162
	-0.1065287164	-0.1628015861	0.3458008214	0.3991993045	0.449577796
	0.4796908089	0.845298572	0.8089613927	-0.1746270758	0.1697809873
	0.420472879	0.2852258966	0.4069817912	0.298560113	0.766375646
	1.231001789	1.203341209	1.166838235	1.130287406	1.135144199
	0.1412222989	0.1876239462	0.2146384531	0.1592048832	0.1667440803
	0.1219622909	0.08599023368	0.1013909595	1.215567048	1.222249978
	1.195819683	1.154650136	1.128867427	1.101619898	0.281162386
	0.3583712887	0.2673011424	0.4115894191	0.3243543961	0.2739901126
	0.2249688038	0.1966101593	0.162073401	0.1385613878	0.2771857778
	0.2868686405	0.9430490284	0.2864774515	0.281908929	0.2883088351
	0.2791716654	1.202555122	1.193644274	0.1784087129	0.2504743911
	0.2394976081	0.1965326802	0.2033519026	0.1929822557	0.1621434918
	0.2502057548	0.2043136699	0.5124702515	0.4648571583	0.9233752896
	0.1606757172	0.2219204021	0.2205079865	0.3425414569	0.2357317743
	0.308431309	0.1885645939	0.161136302	0.1380127256	0.135721932
	0.1160600454	0.1297944025	0.1904943509	0.8797863411	0.1525316751
	0.1675929264	0.2006757302	0.1293507611	0.2350382768	0.2059115248
	0.2729851208	0.4287337524	0.3595637321	0.3236884464	0.4189484002
	1.014152789	0.9221657163	1.073958192	0.8260460434	0.2199538956
	0.1188044234	0.2196705037	0.8251725704	0.5423663878	0.7241814045
	0.6321656359	1.172040725	0.1820807163	0.3833324221	0.3590946711
	0.460405386	0.3632801001	0.2247499248	0.1624346134	0.1863122629
	1.027167655	0.9897311481	1.068490905	0.3171571811	0.2712616109
	0.09238674819	0.01947827875	-0.0221591703	0.04777254616	-0.05752226357
	0.02556826087	0.1171783136	0.1094795669	0.176028189	0.6942615452
	0.6172070501	-0.02293151953	-0.07902762423	-0.1167635599	0.3659997381
	0.4924389849	0.4649988809	0.510852782	0.8855548836	0.8569865263
	-0.1401082819	-0.1781368269	0.183137971	0.414029033	0.2858733623
	0.3091702188	0.3710237107	0.4129928836	0.206232304	0.2517458337
	0.7580338556	0.8089440347	-0.1005076337	0.2817445439	0.5302978406
	0.3918947391	0.1272543406	1.057858692	0.3869308801	0.9586736152
	0.5171111659	0.2143990802	1.184077566	1.147931864	1.101647879
	1.068065082	1.051361452	0.2174396453	0.2569303975	0.2172303806
	0.168377268	0.210561964	0.135256934	0.118965015	0.1356692995
	1.174314666	1.17133973	1.121861369	1.146038331	1.095663142
	0.3363216542	0.4253596177	0.2481646671	0.374081497	0.2945356952
	0.2453800145	0.2151933199	0.1884100907	0.1602530811	0.2602551043
	0.2704635158	0.971869385	0.2720051574	0.2694441054	0.2564486818
	1.175980261	1.158697516	0.1948203188	0.2366425814	0.2414481257
	0.2220120783	0.1692759311	0.1583720033	0.1971486185	0.1844029213
	0.1822863464	0.1818955264	0.6040726663	0.5317219324	0.9547037302
	0.925763543	0.1844423119	0.2042180678	0.3352146909	0.2465529777
	0.1467582426	0.1660139522	0.1006040301	0.09871348721	0.07541637132
	0.08736935121	0.1692110947	0.1818818415	0.2120343626	0.09203539538
	0.2231719045	0.2583605913	0.3926124373	0.3148089735	0.2913103489
	1.013756539	0.8445998068	0.8817853157	0.7795021239	0.1168492005
	0.03366733501	0.269263435	0.8546321622	0.8884244134	0.5237119956
	0.4279313807	0.7072703521	0.6075715425	0.3675002542	0.327701959
	0.1779802376	0.1934596215	1.031138226	0.319879094	0.05791166876
	-0.02721052975	0.001610541496	-0.07336264866	0.08340950082	0.07148168719
	0.6970357442	-0.03971222203	-0.08942536311	-0.1090701558	0.3628157714
	0.5042657068	0.4524004998	0.5309083023	0.8938340242	0.9275880344
	-0.1400606061	-0.1827767721	0.1998229462	0.4012447111	0.2752838357
	0.2580974177	0.2995609087	0.371779322	0.3342902852	0.1458145177
	0.2409245223	0.1670475067	0.7754906004	0.8336191968	-0.1219280709
	0.5257161862	0.534721782	0.3648747316	0.1147594354	1.051190875
	0.3887074208	0.9440184032	0.5244276033	0.2667851082	0.2310205496
	-0.1659092319	-0.1459800252	0.1804124173	0.2082096011	0.1727146873
	1.120103491	1.087076751	1.023818147	0.9795558676	0.9808069957
	0.2739011437	0.3371462631	0.2974332295	0.261587207	0.223671085
	0.1742755799	0.2739895083	0.1572776878	0.1740090583	1.12361835
	1.141580611	1.103097631	1.107772127	1.078256134	0.4267530602
	0.5384064563	0.2281463049	0.22791048	0.361698572	0.2602306104
	0.2323232686	0.1854733764	0.1824672917	0.2580856111	0.2397869103
	0.9942650955	0.2451758825	0.2451501944	0.2276518405	1.123797207
	0.1894100756	0.2197027997	0.1925087954	0.1412231544	0.1634898322
	0.1129872706	0.1122549293	0.2068051616	0.1884739436	0.1857455659
	0.1703143773	0.6268714918	0.7157165316	0.6859533875	0.9565880278
	0.1710432807	0.335722669	0.219419258	0.07637710769	0.09892750356
	0.05701152363	0.05511316739	0.04801769621	0.05310072899	0.1862416153
	0.214919753	0.2055068943	0.2164780366	0.3407772467	0.2985969543
	0.2666132955	0.2590416155	0.7909120613	0.8795885793	0.06626452075
	0.04833485104	-0.01264388374	0.3227619222	0.8816184881	0.920762974
	0.9274603052	0.9061916837	0.4190208701	0.4999147075	0.3218132223
	0.685290362	0.5776062012	0.1923669663	1.018173154	0.02345217474
	-0.03081107814	-0.04834427126	-0.004105137111	-0.07211413919	-0.1037423967
	0.05319134772	-0.05835594726	-0.0848334449	-0.1094807397	0.464816205
	0.5015986827	0.4172280759	0.5427012551	0.9510123422	-0.1492860454
	-0.1962043389	0.210344004	0.3591428048	0.2427644835	0.2587319238
	0.2282101517	0.2956164575	0.3247821802	0.09216784364	0.1453783073
	0.2207247271	0.8106880091	0.7681533948	0.8591139507	0.5179332257
	0.5238097477	0.3384677935	1.052631731	1.029098329	0.3556976003
	0.5200179682	0.2577822869	-0.1282503049	-0.1892328487	-0.1530716378
	0.1978817509	0.1837539097	0.1667946407	0.157609271	-0.2210204976
	-0.2003975772	-0.210594507	-0.2146329476	0.4658301213	-0.2175787777
	-0.209890581	-0.2219010389	-0.2251438505	-0.2237616257	0.4928556002
	-0.1161000097	0.07014726901	0.8378729144	0.4734301397	0.7160811175
	-0.1766951364	1.06434786	1.040694707	0.9624163649	0.9280408557
	0.9004014064	0.3591150648	0.4472616975	0.3224598927	0.3808457799
	0.2995311588	0.2197207632	0.2634866784	0.3536612693	0.2006346609
	0.2139617162	1.08088595	1.094761736	1.072571083	1.065174734
	0.5605536308	0.6665720546	0.2069913434	0.2068852256	0.3267696624
	0.2283518052	0.179353157	0.1797105179	0.2147976372	0.9848378947
	0.2203922688	0.1991598067	0.1988153547	0.1566108987	0.1143569388
	0.1299081645	0.08197059315	0.08312053511	0.1892281819	0.7595598025
	0.1684581052	0.3243530174	0.2159857524	0.05006269001	0.03086966124
	0.02949642893	0.01534715364	0.008852436212	0.01898572069	0.2063338709
	0.2388752963	0.2024833048	0.2993233695	0.3078476885	0.2702708992
	0.2314834554	0.8117977735	0.7224868098	0.00854368439	0.02776576152
	-0.03107130977	0.3054341061	0.8945741861	0.9538043063	0.924341877
	0.3253312201	0.3919514777	0.2358514497	0.6369383084	0.5483814701
	1.003538658	-0.06109170618	-0.03898193862	-0.01703627631	-0.09295821428
	-0.0572633186	-0.06080485563	-0.09429438241	-0.1310443012	0.4248162685
	0.466788167	0.4878416182	0.3580907211	0.5172596659	-0.1553750049
	0.2381052146	0.2548201228	0.2593125748	0.2916341012	0.07582229349
	0.1424800864	0.8041089244	0.8711817995	0.4959440284	1.037737016
	1.016723818	0.4940006811	0.2651506987	-0.1403590959	0.2178821707
	0.1701557174	0.1780529796	0.1684883813	-0.1748378275	-0.1719414704
	-0.2239056176	-0.1674661131	-0.1618367771	-0.1673389167	0.4623212184
	0.4736016118	0.4754890311	-0.1780687754	-0.1740559144	-0.178131455
	-0.2233656586	-0.1037018861	0.041662087	0.8313420483	0.8537750568
	0.4450726266	0.3627978921	0.7848081995	0.7572582989	-0.1546850413
	-0.1456708703	0.4247306962	-0.2247284872	0.7330011476	1.02607253
	0.9797744089	0.8669351156	0.8987946201	0.8262531953	0.4667471896
	0.5794968719	0.3906352311	0.4845678565	0.3296821659	0.3674639403
	0.2744980193	0.2465769698	0.4337941627	0.4438170616	0.2533362511
	1.043668333	1.024957709	1.027061371	0.6799126115	0.7635933683
	0.1779675663	0.1744559933	0.1851045485	0.2850054552	0.2001274674
	0.176072749	0.1744324086	0.1879948878	0.9844415784	0.1528733849
	0.1109409581	0.1193837011	0.09541486003	0.05222531819	0.0557682756
	0.8160773388	0.1691226969	0.2245215642	0.03570414519	-0.004503494528
	0.01025925491	-0.007788472627	-0.003075215348	0.1995729435	0.2064887116
	0.2483901276	0.2729438396	0.2360520172	0.1912172499	0.6229694404
	-0.0210160045	0.02963689006	-0.005164001965	0.2855378097	0.8992157638
	0.95210769	0.9222450553	0.2690476053	0.1618339457	0.5072316898
	-0.06972284873	-0.04106041613	-0.04712570094	-0.05047500524	-0.08262120153
	-0.1181888888	0.3853190309	0.4253084641	0.4537938723	0.4279975672
	0.3227206183	0.4860298776	-0.1369876115	0.2510644225	0.2530249626
	0.2564679332	0.2617063695	0.08166357264	0.8771163875	0.4747012172
	1.001669047	-0.1129738664	-0.1420977736	0.2161224438	0.1756382578
	-0.1441849802	-0.1722593426	-0.1438590548	-0.128404302	0.4611298743
	0.4782381368	0.4943182273	-0.1453751836	-0.146843844	-0.1537926221
	-0.1753119308	-0.08813873189	0.0274504953	0.8483750481	0.8629354882
	0.3932758128	0.3421419105	0.2603308439	0.8311264378	0.8221846997
	-0.1263877125	-0.119779609	0.7402892525	0.6474037857	0.5044732695
	0.4205271624	0.2006240584	0.9555036907	0.9940604152	0.8919556961
	0.8137420653	0.7572008693	0.8123568041	0.5886757164	0.7124088443
	0.6082504811	0.5155496471	0.3952390012	0.3203425389	0.3790160569
	0.4351382809	0.2913124908	0.55832486	0.5134880375	0.3084025759
	0.9955779558	0.9888168789	0.9775872973	0.7757790237	0.8420997647
	0.1526543963	0.1519175777	0.1382192704	0.1391143543	0.1413487072
	0.2450006365	0.1665384054	0.1621028354	0.9683372379	0.1073694607
	0.06839493716	0.03098882592	0.8564015273	0.1580476414	0.2196432194
	0.003854227651	-0.03107188901	-0.01081241037	-0.0283532402	-0.02365778915
	0.1952834033	0.2363069524	0.2734681656	0.226835711	0.2059130605
	0.1657545968	0.5443908205	-0.03235083137	-0.003855846951	0.03271201893
	0.8950624881	0.939284234	0.9100063964	0.1697577151	0.08960245905
	0.4347440128	-0.06391219995	-0.0548933668	-0.03359319322	-0.05768574097
	-0.0766298162	-0.09912041625	0.3639281214	0.4264771614	0.4633112691
	0.3706136692	0.3110554234	-0.1137963609	0.2268213925	0.2199339208
	0.2347047244	0.8796380455	0.4516883092	-0.0871722837	-0.1035661113
	0.2021026676	-0.1402533925	-0.1145162091	-0.1040304	0.4697484335
	0.4945425123	-0.1222875371	-0.1131375587	-0.1225965058	0.01008398777
	0.8718968956	0.3299928427	0.2688584474	0.1804880669	0.8682857719
	0.8790800448	-0.1102037061	-0.09946737606	0.6704913171	0.578471742
	0.5027777224	0.5080189945	0.3837020434	0.1978863611	0.1948613521
	0.5056575951	0.8298323511	0.1444295106	0.9170341195	0.1698147164
	0.1647027957	0.9299104914	0.8726998568	0.9399855435	0.8056772528
	0.7249073799	0.633684107	0.722759929	0.6875491966	0.8392670667
	0.779077898	0.743884695	0.6668954682	0.4507889544	0.4784601788
	0.3433954728	0.4089606064	0.6245193777	0.5681185449	0.3739466715
	0.9540364248	0.9389732111	0.9345828937	0.90807727	0.8812459588
	0.1419783101	0.1111435431	0.1038871435	0.09350346292	0.2013106484
	0.2071684478	0.1320384115	0.1384674347	0.1326964939	0.06200816509
	0.03546522061	0.007764667335	-0.008387146674	0.8859621412	0.1979090325
	-0.005034524787	-0.03888597047	-0.02837898204	-0.03788971785	0.2016393538
	0.2270655994	0.2617104167	0.1269086521	0.4651587155	-0.02073091597
	0.002343274162	0.03933334977	0.8935133308	0.8855059349	0.1019430226
	0.3378510645	-0.06902626631	-0.0550115288	-0.02886578223	-0.05247448388
	-0.0907667676	-0.06067142461	0.3010221423	0.3756486484	0.4018256437
	0.4358264952	0.4396750879	0.3278427452	0.2044612585	0.8836375887
	0.8823240781	0.4384571837	-0.08669681137	0.1839214669	-0.106742957
	-0.0907449442	-0.08833151604	0.4607422319	0.4931504277	-0.1015284945
	-0.09955668657	-0.08965424039	0.8910710543	0.2410521298	0.904524418
	0.9203830377	-0.09245813345	0.5179431128	0.4995176186	0.5055349154
	0.3336219507	0.1925027121	0.5091852424	0.8949825463	0.1001318849
	0.15072602	0.1551536719	0.1207728573	0.4847000942	0.9241087042
	0.5141597442	0.4842920765	0.5254275486	0.3384796843	-0.08358279023
	0.1764524324	0.8617545394	0.7944391207	0.8919495937	0.7187014076
	0.6320305852	0.5342888116	0.6282728749	0.8711656858	0.9358312366
	0.9318314146	0.8347542856	0.857109535	0.7831070714	0.7239741347
	0.5333517448	0.4715301673	0.5360413455	0.4452648245	0.7536318147
	0.6745290438	0.6266071799	0.8941002069	0.9657263217	0.9616486621
	0.1063185336	0.08353271671	0.06102175186	0.05023276617	0.1672336287
	0.188079597	0.09446772733	0.08354929825	0.02785707204	0.004496156186
	-0.01332928586	-0.0238085299	0.9134050159	-0.05138022875	-0.03825165803
	0.1922389105	0.2172723197	0.07182755931	0.396587087	-0.01250170473
	0.008123016939	0.04819421816	0.8748550715	0.8811838421	0.2203288018
	0.2883564613	-0.07115405744	-0.06034923583	-0.02783034332	-0.04816303936
	-0.0666248365	0.2582999396	0.3654460504	0.4137898685	0.8895436172
	0.433815232	-0.07379379214	0.1451945284	0.1669576004	-0.07877280362
	-0.07728302542	0.4639469299	-0.07996528067	-0.07099828832	0.9058007981
	0.9462577783	0.440501852	0.4791228317	0.5035435489	0.5191303862
	0.510139526	0.2736539911	0.8626876495	0.08002420356	0.1288388978
	0.09539732638	0.1326143227	0.5036642501	0.4895524488	0.5161594504
	0.4883522673	0.3100156719	-0.07026744283	0.1522224417	0.8984530647
	0.7623655328	0.8138504236	0.6994102303	0.8369116906	0.6210638212
	0.5311599046	0.4143295585	0.5259564842	0.9337492135	0.9987391444
	1.015449173	1.020983301	0.9510280544	0.8791905138	0.8315030258
	0.5285805619	0.612413336	0.6232039162	0.8793766456	0.8027607556
	0.7344871298	1.015644879	0.9995230425	0.0598826532	0.03755453363
	0.03535574238	0.0108841507	0.1326574924	0.04183662686	0.009310308728
	-0.01205719741	-0.02577188629	-0.03333992633	0.9488922428	0.9277960439
	-0.04558899689	-0.05644097892	0.1504229399	0.1937779331	0.1412643607
	0.03458108041	0.05518189096	0.3426140769	-0.01092709556	0.03355848154
	0.005328592284	0.842424521	0.8653866144	0.8822396387	0.1866185707
	0.2503549465	-0.06246586508	-0.02732976605	-0.05285646166	0.1991593941
	0.3913575095	0.3254817351	0.4157446058	0.4549329608	-0.06526220448
	0.1207677838	-0.06269292032	-0.0518590757	-0.05528084647	0.915958481
	0.9916203463	0.4815532921	0.5130917036	0.489678811	0.2530514272
	0.8198305514	0.06583245245	0.1111968051	0.0875570846	0.4958720597
	0.4956095714	0.484347805	0.488918267	0.5023808378	0.8955307475
	0.4881075588	-0.05746845305	0.4793402536	0.9704047345	0.7095658324
	0.6607374415	0.7626048212	0.5942311741	0.7620629733	0.5134819974
	0.4434217301	0.2799089687	0.3543509704	0.4028465167	1.010353099
	1.083743238	1.083913034	1.115047884	1.079800697	0.9382692828
	1.019824116	0.6239715648	0.7195992059	0.7246468379	0.9878141805
	0.9228675813	0.8597027512	0.8426927325	1.070347176	1.047091831
	0.01784198313	0.00647184247	-0.009363938247	0.07723269249	0.009822188104
	-0.03842107901	-0.02532418602	0.9424889652	-0.05082535454	0.08673649169
	0.1273483226	0.08778350198	0.01706144485	0.0451719906	-0.003095676791
	-0.01520256693	0.02807628342	0.005413395194	0.8345679008	0.7829262206
	0.8652982747	0.1795599029	-0.03478775165	0.1711586653	0.1164989822
	0.3731707703	0.2465492506	0.311670634	0.4227366438	0.4618880819
	-0.05203464214	-0.03930361163	0.9151097591	0.9992946047	1.031872421
	0.4832489062	0.0555330173	0.1080714669	0.4842665326	0.4707455942
	0.4700683228	0.4715566663	0.4633633935	0.8802590506	-0.04801991497
	0.4676385911	0.9654152142	0.4737018036	0.4600056911	0.4646280106
	0.790680078	0.4680785148	0.6713722532	0.6084485421	0.5582135609
	0.4774408028	0.7056346006	0.2744710337	0.1836415691	0.3803843625
	0.2946132881	1.088940964	1.180216017	1.164299068	1.152719586
	1.157483717	1.205490637	1.087878516	0.7393279035	0.8479105578
	0.842304473	1.04663998	0.9934968551	0.9589722758	0.9715565339
	1.131281934	1.093969917	-0.01010149068	0.0438604624	0.03217564871
	-0.002126960649	-0.02594021774	-0.03384943025	-0.04093054814	0.9354595042
	0.04863165229	0.06192160727	0.01164171701	-0.005271907677	-0.0007408800234
	-0.01802660488	0.01537464424	0.8334570227	0.7168233594	0.159754637
	0.09486913288	0.3560476203	0.2343286683	0.2864436034	0.4037224828
	0.4426165917	0.3737571645	0.4505170136	-0.03965080815	-0.02356329768
	0.8866808619	0.9825058723	1.03194074	1.078351212	0.4505297595
	0.05414003062	0.1093051381	0.4613447992	0.4551075082	0.4490157818
	0.4556785154	0.4643538355	0.4277072009	0.441274776	0.7677221624
	0.4551492565	0.4255693922	-0.03256966499	0.9038327531	0.6182081531
	0.560792527	0.4825444169	0.188290546	0.3622946817	0.2623394673
	1.174912396	1.275818798	1.265643649	1.238869679	1.218332439
	1.239692263	1.293309351	1.140375371	0.8716322201	0.9665324657
	0.977797297	1.085378109	1.088388815	1.149974286	-0.0170188588
	0.0188704073	0.006256607668	-0.004205045522	-0.02235964762	-0.03068567837
	-0.02615042785	0.9447797018	0.02060304404	0.05170290425	0.02679286433
	-0.00582729567	0.001739189001	0.01934501819	0.8468319871	0.7876670165
	0.6555122887	0.7096162156	0.1883914715	0.1037082199	0.0526338231
	0.3175736109	0.2573437683	0.4206195483	0.36038124	0.3952367209
	0.4283056319	-0.01498770099	1.02925353	0.9840952718	1.091932369
	0.05431141974	0.1045583951	0.4281970865	0.4367093252	0.4338104112
	0.4496122729	0.4253813447	0.4381010735	0.4371354763	0.4301563024
	0.4386120819	-0.0247581442	0.8995908597	0.5633733091	0.4877769408
	0.4600995481	0.1686661956	0.2494535787	0.3543496705	1.27883248
	1.230702843	1.361669021	1.348109233	1.335314934	1.303200945
	1.313599301	1.236752484	1.337613192	1.201571715	1.009699603
	1.077027631	1.106994451	1.202580987	1.18173637	1.182286244
	-0.01816849587	-0.01033635216	-0.0002603692658	-0.02315319928	-0.01241086408
	-0.01541763954	0.9493383831	0.004057787069	0.01855540323	-0.002501781834
	-0.0001132977816	0.002650279872	0.02204131461	0.8011295777	0.8665702436
	0.7333874369	0.6006269003	0.6615258338	0.1993236374	0.1211183388
	0.04581435491	0.323525369	0.2706530395	0.3964933106	0.3583815875
	0.4087985372	1.033610759	1.114947562	0.05083904604	0.1011867213
	0.4338968557	0.4208584652	0.4123260127	0.4372765256	0.4262989559
	0.4181523863	0.4187629958	-0.02021453946	0.4038225764	0.4018761429
	0.08782531987	0.01739528016	1.210942909	0.8254290436	0.4738382812
	0.3313960403	0.1585877668	0.2361040278	1.326868679	1.291168243
	1.425034523	1.40267603	1.400321204	1.380905601	1.294088598
	1.380400887	1.392648505	1.29934561	1.134566642	1.214827001
	1.312299586	1.259716473	-0.0185649065	-0.01141715765	-0.002897830021
	-0.005662346922	-0.01122667312	0.8986131882	0.9734898278	1.042301549
	-0.003094940758	0.0101793206	0.002191632224	-0.0006182667405	0.7267464647
	0.6372250093	0.5353069772	0.2356327655	0.1514072056	0.02085529051
	0.04679233215	0.3033616505	0.3824554208	0.3422671855	0.3885604339
	1.148822183	0.02572138356	0.05858865185	0.1039945284	0.4196160832
	0.3982914408	0.4238407461	0.4119291541	0.4006755623	-0.01528128176
	0.392560528	0.3747542949	0.09816073839	0.002751884114	1.269753863
	0.8719799256	0.7984870733	0.3687029608	0.6064536036	0.06307556376
	1.21809612	0.3745396591	0.2460414266	0.1669955225	1.380295458
	1.446286877	1.460234154	1.481631095	1.435373621	1.430968648
	1.429026449	1.358684811	1.428138253	1.430315333	1.377943187
	1.24354057	1.30433601	1.379044862	-0.01085453442	-0.00059442522
	-0.003545701799	-0.006015498115	-0.009465534928	0.9605090653	1.049629874
	0.000686134721	-0.001174997333	0.726011643	0.6112895596	0.4821918284
	0.2228605208	0.2809606934	0.1671881261	0.01947966981	0.06151242839
	0.3163169079	0.3616721541	0.3706036618	1.123663031	0.009926568362
	0.03190959541	0.09524402489	0.3980784182	0.3805396166	0.4002772615
	0.3779449416	0.3672542426	0.1195978766	-0.0006943735043	1.313798624
	0.9170633932	0.8080304895	0.3467178538	0.4607067699	0.0536290676
	1.249070502	1.16016924	0.2467729153	0.2499212531	0.335213662
	0.1645811534	0.1033757939	1.44003974	1.470500459	1.489356958
	1.467735566	1.502709903	1.494206772	1.466480347	1.385931547
	1.475836269	1.437530833	1.473651724	1.432149648	1.335116821
	1.387831368	-0.003857450623	-0.000663679627	-0.0005762450836	-0.001960466955
	-0.002442795406	1.035035586	0.005617875642	0.6614244916	0.468852
	0.1912199633	0.2892901385	0.03436753921	0.08450395669	0.3264754756
	0.3408545444	0.3545647964	0.02146487317	0.005158100368	0.3645361884
	0.3524686852	0.3365217188	0.1406888488	0.000403687789	1.329886349
	0.9053417249	0.8106454604	0.3278750144	0.3323458528	0.05638228012
	1.274187239	1.203390955	1.10960556	0.2379713208	0.3213505032
	0.2904808675	0.2802217546	0.1172138052	0.002898223289	0.1686432378
	0.2162699191	0.1138443565	1.47691859	1.495666912	1.510736816
	1.514469629	1.517252501	1.500067533	1.386896812	1.499582274
	1.474341636	1.437324388	1.479050143	1.440545915	0.005351873289
	-0.0006176461792	-0.0008163795767	-0.000799948208	0.002779476594	0.990122333
	0.02601613304	0.7169232464	0.5475237335	0.3278291433	0.4091515834
	0.1773915317	0.2632211983	0.3043337879	0.06902715209	0.3248925191
	0.3300076107	0.008709219933	0.02986274836	0.3299269176	0.3160790863
	0.3129386308	1.331634513	0.8139352993	0.2533961581	0.06047460898
	0.09029220491	1.263961464	1.198268822	1.144817182	1.051344805
	0.220449961	0.284928356	0.2567304909	0.2657024353	0.1244379618
	0.005122808136	0.2322053135	0.3488998643	0.2936095073	0.2465691903
	0.189973034	0.298680552	0.1420632098	1.497358496	1.511392875
	1.52146005	1.517883964	1.520490559	1.525262358	1.384161283
	1.48104785	1.508980987	1.434888195	0.01923377075	0.02784917782
	0.003677533076	-0.0003752087648	0.001711290621	0.01063563478	0.9023163589
	0.06155487203	0.6343349817	0.4903554271	0.3089193536	0.2421393624
	0.3811110548	0.1837852871	0.2861158407	0.246003606	0.2999521842
	0.3006244999	0.02464080939	0.01799314119	0.03904159975	0.2814710381
	1.322335743	0.7462193673	0.06879511966	0.09660602227	1.252308268
	1.112199418	1.18111001	0.9688094463	0.2569802556	0.2489073846
	0.1001944189	0.1534330427	0.01148062314	0.2354009607	0.2354038759
	0.239955065	0.3851379296	0.4005691486	0.333419747	0.2777042152
	0.2581296514	0.1753121879	0.27166591	0.2784644495	0.553978311
	0.2824755832	0.4756956767	0.2488474314	1.303566714	0.2371760456
	0.02043788471	0.1595702163	1.521420804	1.52293403	1.525270599
	1.36363765	1.474636692	1.505307856	1.408662585	0.02908136925
	0.04328876035	0.05687054722	0.001183705542	0.007900391614	0.01235120908
	0.8120087707	0.6682343795	0.5643778798	0.4652424506	0.2319544261
	0.2974473378	0.377165852	0.2047541662	0.2439445389	0.2642727861
	0.2800847706	0.03790591635	0.03493808028	0.2490244864	0.06855247711
	0.1185899432	0.09080802826	1.244351726	1.021450852	1.091532782
	1.101791655	1.164360029	0.9047688948	0.2325382788	0.1098589289
	0.1596681479	0.01329451656	0.22798112	0.2234748417	0.2463673998
	0.4443155331	0.4142906258	0.3670345002	0.311115758	0.2554231929
	0.2617006882	0.258164667	0.2451305155	0.2579626323	0.5389649149
	0.628547875	1.300284567	0.2298801114	0.03956765347	0.8022281383
	0.2199715181	0.2339634286	0.1803541107	1.517658796	1.33213281
	1.426739778	1.474732817	1.495353549	0.02910210209	0.05530824922
	0.08343063738	0.01374228114	0.7271030173	0.5435810629	0.6420696437
	0.4317423131	0.3195189106	0.1868649249	0.2474486407	0.2532030898
	0.06724195645	0.06465391261	0.2261068395	0.227936134	0.1011996602
	0.1378393735	1.195823115	0.9800627384	1.021031376	1.088169486
	0.8559003255	0.1331596887	0.02660197744	0.2231929759	0.2208157417
	0.2459322176	0.4861456241	0.3860194313	0.4392067053	0.3214722343
	0.2582089547	0.2399740539	0.2430635258	0.5417685932	0.5954891687
	0.6400476824	0.6679790315	1.253561732	0.2341380093	0.0530976248
	0.06219812914	0.7589168002	0.2048542055	0.2353533738	0.3773831774
	0.2606696008	0.2025197712	0.2817805164	1.221257156	1.311497614
	1.376390479	1.236633419	1.431161175	1.464813592	0.07054224758
	0.04482229701	0.1059909553	0.03518041631	0.6689594733	0.481613626
	0.5789619076	0.1587969635	0.2434945276	0.2433501997	0.09871960136
	0.1048886408	0.2233274645	0.2167524878	0.1308134013	0.1548208749
	1.117488523	1.030695174	0.89959517	0.9303734388	0.7998176589
	0.05570653494	0.2201141092	0.2385031001	0.2474729686	0.4916337372
	0.3412839231	0.398653084	0.4470786749	0.286152137	0.2310704407
	0.2321752951	0.5533847032	0.6115139988	0.6632650194	0.660336305
	0.0783702246	0.09352056261	0.7180849605	0.1909981263	0.2230172
	0.2367181001	0.393540312	0.2568994595	0.2675633948	0.2107030011
	0.6693355405	0.2172194994	0.07080365468	0.116965587	0.3449722307
	1.081862486	1.302620311	1.2496465	1.363512801	1.151638827
	1.423051824	0.129491097	0.08677160667	0.0611340449	0.5715619229
	0.6286107235	0.4879612831	0.2434977549	0.2418052599	0.1562299002
	0.1751507822	0.1479805782	0.2192637987	0.2242511691	0.1882739828
	0.9270392166	0.9823394296	0.8803605091	0.8243440929	0.813885635
	0.7455473962	0.2328759355	0.2212269452	0.2510612704	0.5081253902
	0.3643292079	0.3167222592	0.4121151867	0.4659012808	0.2858744176
	0.2259121418	0.57640627	0.6478227	0.6565849611	0.6529409859
	0.1115739785	0.1234704118	0.1553023203	0.6808620967	0.2173111557
	0.1801398214	0.2439996039	0.2492540728	0.4328582513	0.2915904914
	0.2422719689	0.6344066731	0.2180913716	0.09212797784	0.1789510292
	0.645722009	0.1229587857	0.2489917356	0.3553131348	0.4156219723
	0.8890665175	1.049804153	0.9048530972	1.291431262	1.361236353
	1.225327804	0.992514446	1.120942851	0.1479921115	0.1174684322
	0.5529832411	0.5932713679	0.5003597703	0.2501102923	0.2405999168
	0.2179412843	0.2345915488	0.242237705	0.2261630753	0.2215258462
	0.8178818608	0.7787279801	0.743734968	0.7293701701	0.6957122831
	0.2395293	0.2333444803	0.2728603196	0.5324763332	0.3635494904
	0.3143140633	0.4295051748	0.4799573855	0.2301945855	0.6023764744
	0.6504008056	0.6471860813	0.1476733299	0.173258822	0.2134855045
	0.6225446189	0.6521309768	0.2368598288	0.2077388932	0.2548723965
	0.2546799692	0.4867075063	0.3053618562	0.2252771335	0.2289926632
	0.6275189074	0.6147721346	0.1720257252	0.1492916462	0.2575496648
	0.2657866466	0.3675861859	0.414481438	0.2411486661	0.2758775632
	0.4772779131	0.7820568652	0.739064785	0.8303658851	0.7344547244
	1.19137259	0.8748350364	1.015833158	1.082824524	0.1770477989
	0.550325088	0.5819125302	0.2566753096	0.2499135889	0.2381690384
	0.3076232618	0.3262707251	0.3101283713	0.2322310243	0.7092695385
	0.6822704311	0.6749364238	0.2482120668	0.2371006592	0.3088995848
	0.5477676419	0.3506549619	0.3906097243	0.4489998511	0.5060466645
	0.6141234881	0.6069571539	0.6142205973	0.218166663	0.2503811036
	0.2794742821	0.6129557853	0.6328074122	0.2592214136	0.247640107
	0.2705561945	0.518210341	0.311248618	0.5836831958	0.5705602932
	0.2240833418	0.2090239929	0.2882517025	0.2792233113	0.4221764023
	0.4687611406	0.2819736206	0.3428579542	0.2537331405	0.5231269013
	0.6734454182	0.6557051733	0.7215962129	0.6834522927	0.6101213331
	0.8259701122	0.7313607162	0.9663047953	0.2435717789	0.5551293217
	0.5826291494	0.2899665952	0.2527497137	0.2412965676	0.3947710663
	0.3884572774	0.2392363285	0.6438734509	0.633388506	0.2876585179
	0.3448360891	0.5769741171	0.4088247679	0.4692675003	0.4989390711
	0.5400564715	0.5722007675	0.568065283	0.5909021521	0.2749802728
	0.3305481634	0.3527205826	0.6032362927	0.2950677655	0.2902285391
	0.3087578978	0.3809108618	0.5393279534	0.5253787879	0.2932892603
	0.2735965099	0.31200921	0.3188174975	0.46597597	0.4935541574
	0.3357865599	0.4015849176	0.2718344587	0.353916079	0.54080635
	0.5583806711	0.6004420989	0.6040014294	0.6024439083	0.5807811146
	0.53228832	0.522843446	0.6776815322	0.3034169485	0.5793332575
	0.2952265516	0.3309893672	0.2839486949	0.4518834391	0.4545500288
	0.6046627218	0.6034761317	0.3313641736	0.3109669096	0.3820392413
	0.53636801	0.4439883581	0.4987104565	0.5155158781	0.5362077471
	0.5353905529	0.5306577721	0.5598092746	0.5349994101	0.3403351636
	0.4066083072	0.4162217044	0.4218027008	0.5868046978	0.3344037426
	0.3587768693	0.4525978192	0.5068395221	0.4837867788	0.3464661155
	0.3541651545	0.4961634641	0.5129071452	0.3755829364	0.3653191452
	0.3261727885	0.3887731412	0.3775456374	0.5623511564	0.5486070886
	0.5545695561	0.5719784046	0.4437361686	0.5372117844	0.4642881734
	0.4402606602	0.4910262665	0.3836606793	0.5765062586	0.3406544559
	0.3476683147	0.3632492972	0.3615959383	0.5036498792	0.4971412995
	0.4856632954	0.5791049827	0.356238597	0.368207075	0.4493752932
	0.4221903886	0.5303121351	0.5061547192	0.5482174525	0.5597949733
	0.54204521	0.5322172981	0.525517225	0.5235187111	0.5106465384
	0.4201916422	0.4863458573	0.4711201264	0.5050065918	0.5757833654
	0.4118478139	0.5223935573	0.5095380241	0.5029478733	0.4276245407
	0.526801417	0.4380059297	0.4559005772	0.4572194608	0.4307314029
	0.5696270082	0.5596881745	0.5511396892	0.5212525202	0.551224097
	0.3365906832	0.3492864114	0.4143921637	0.4407781197	0.3681305443
	0.4703366095	0.3924257851	0.4084775079	0.4310194688	0.5345540689
	0.537534447	0.5225852126	0.5624334386	0.4181731446	0.4991344762
	0.5257346494	0.5636887526	0.5448934768	0.5877782486	0.604083132
	0.5322377251	0.518788304	0.5193169494	0.531836091	0.4986789999
	0.5680518827	0.5343321549	0.5469316966	0.5647643498	0.568965411
	0.485529988	0.5550580801	0.5315022175	0.5235315504	0.4900549162
	0.5219386538	0.523698888	0.5294095332	0.5238460264	0.4809569944
	0.4652752344	0.5569644784	0.4980820461	0.5649118671	0.5629677694
	0.5000950074	0.5367676463	0.2643890617	0.2164888616	0.3070355591
	0.3367889137	0.4234374574	0.5614131302	0.5512271889	0.4645854504
	0.4647499078	0.5189137945	0.5576256813	0.5566870152	0.5630898104
	0.5512683	0.5656116643	0.5179170825	0.6147241846	0.5734456063
	0.6397367899	0.6077837042	0.6653364981	0.6876065164	0.5409411653
	0.5287255774	0.5122582517	0.6162046212	0.5873779924	0.6398162602
	0.6225456331	0.5940209522	0.5456138151	0.5693227699	0.587180156
	0.5610453962	0.6056954833	0.6063157037	0.5953507247	0.538875554
	0.5729923051	0.567013666	0.5648880443	0.5348176049	0.5272833886
	0.620611811	0.5799763904	0.5690156264	0.4874774789	0.5238447284
	0.2202939599	0.170931717	0.1426906244	0.3151258414	0.4131440501
	0.6241427536	0.6548490275	0.5465628322	0.596068502	0.5913188004
	0.5633937252	0.5468547604	0.6358850172	0.5064378902	0.5303647032
	0.6928317978	0.583868634	0.6673435642	0.7389537637	0.7162329529
	0.5520652642	0.5206293315	0.6869824081	0.6522396043	0.6658800628
	0.6255402167	0.6327195996	0.6243803692	0.6483011792	0.6288716549
	0.6780081035	0.6618533715	0.610424717	0.581729099	0.6111212216
	0.5818990167	0.5055055368	0.6065058569	0.5941312657	0.58089042
	0.4768242007	0.5203527735	0.1948150818	0.1113685518	0.08567481029
	0.3091150743	0.4006719993	0.6779746978	0.6916730367	0.6361290496
	0.6601535701	0.6163048293	0.5683658689	0.5528685591	0.7047011551
	0.5002771821	0.5142556994	0.5277144343	0.5468824238	0.771998224
	0.5689716545	0.7043328472	0.6474976659	0.7756104431	0.7538334394
	0.7062594676	0.6829180737	0.6658304777	0.6867327143	0.6405991885
	0.6841417738	0.6768304326	0.7060500359	0.685393037	0.6868930508
	0.7138035214	0.7382143086	0.7183142956	0.7283762986	0.6031031331
	0.6376914721	0.5035919213	0.5881237476	0.6074073817	0.5929372685
	0.4672487711	0.5172508887	0.5537181643	0.1166751077	0.2093017665
	0.03844960766	0.04854245102	0.3063486705	0.3921267127	0.7345556578
	0.7256256008	0.7359110745	0.6874698488	0.6989690918	0.7140494825
	0.7155991204	0.6370215989	0.5827527325	0.5753093384	0.7746149753
	0.5157860962	0.5391636527	0.5641985903	0.8178892322	0.8104092492
	0.7654642939	0.697032086	0.6393451208	0.8083293567	0.7096419735
	0.6973313174	0.6721068827	0.7321037095	0.7562067782	0.7345881971
	0.7071418196	0.7541469358	0.7562062695	0.7763856948	0.7870863859
	0.5329898483	0.5826623495	0.6372992183	0.6294405554	0.6877509317
	0.6166124499	0.4578552674	0.5761936551	0.5213605696	0.6000831609
	0.1466055529	0.0687345125	0.2326462289	0.3249113381	0.3967195312
	0.749761155	0.72408007	0.7302820281	0.7376547403	0.7534252705
	0.7351425004	0.7220680981	0.6784406255	0.8341025736	0.5462991264
	0.5517476906	0.5574307607	0.8414475167	0.840425538	0.843423671
	0.7992979264	0.8380407783	0.7434088604	0.6490321323	0.7241579344
	0.6997518597	0.770933981	0.7495579789	0.7493546822	0.8120009854
	0.798365195	0.7805227721	0.8251879298	0.5578410918	0.5865505669
	0.661249175	0.6565791275	0.6885547148	0.7227868894	0.6456161249
	0.469897715	0.5562877357	0.6146263442	0.6361020218	0.1863958637
	0.09628675373	0.2697656207	0.3349400619	0.4119478903	0.7409373124
	0.7559363891	0.7233508833	0.7390795972	0.746678005	0.7402859897
	0.7269291583	0.6939527605	0.7047044912	0.8416029935	0.5612748328
	0.5643213989	0.5671126675	0.8492934048	0.8470970782	0.8503259875
	0.8309208915	0.7592512794	0.6394404234	0.6049670643	0.7305346367
	0.7519590608	0.743932254	0.8311717022	0.8198618361	0.7910075503
	0.771428743	0.5730810009	0.6893959833	0.6782684183	0.6932581035
	0.6733149987	0.7222249557	0.73827686	0.7360033785	0.6988978158
	0.7673804848	0.6777534716	0.4900643195	0.6177393617	0.5602681394
	0.6569329394	0.1428040025	0.2480379213	0.3418741398	0.4138421588
	0.7419316563	0.7480150988	0.7309643197	0.7314042995	0.7421618073
	0.7342919769	0.7202670119	0.7044316873	0.8472727799	0.8505655078
	0.5780208925	0.5896691907	0.5952251494	0.8550884619	0.8506545061
	0.82655887	0.7816236616	0.621619538	0.6571859138	0.7428185643
	0.7377488777	0.8385625397	0.8125597102	0.7850966383	0.5976656193
	0.6947297729	0.7174266197	0.6823483652	0.7359883486	0.7405514768
	0.7584019465	0.8559116603	0.6969889046	0.68339995	0.4672944205
	0.5199784784	0.6283580221	0.5732486184	0.659776804	0.2008633728
	0.2848264559	0.3502225355	0.4074771139	0.7327083847	0.7386589194
	0.7360834063	0.7421069567	0.7380087377	0.7364960488	0.7192950128
	0.8504952894	0.8553364542	0.8582501826	0.6123112499	0.6247915409
	0.8250795342	0.8049647176	0.6413746556	0.6661022726	0.7409227178
	0.7404290781	0.8167470384	0.7797471125	0.627354218	0.7074481355
	0.7185341691	0.7301038529	0.6886294162	0.7705307504	0.7603832166
	0.8525524828	0.8286926382	0.6987866262	0.6804112592	0.4934690859
	0.570145442	0.6611605716	0.6240515097	0.2644134836	0.3241941537
	0.4216736111	0.3544464154	0.7297700181	0.719171406	0.7273992039
	0.7261841674	0.8517739782	0.8319019695	0.629253701	0.6379342975
	0.8012123108	0.7845925198	0.651660902	0.6778176452	0.7425423696
	0.7948008377	0.7778775235	0.6383433002	0.7126452762	0.7041295894
	0.7454145011	0.7584507749	0.849042926	0.8105111931	0.6885061977
	0.6931641856	0.6681863106	0.4494189388	0.5099471008	0.6073193916
	0.5509872146	0.6480882228	0.3771155843	0.7195995471	0.7075902589
	0.7148786509	0.7272091764	0.8324040002	0.8134545706	0.6386215047
	0.6483377624	0.7639958787	0.7479044069	0.6623844221	0.6859766838
	0.7283432947	0.7991023879	0.7891137125	0.7747172133	0.6551132151
	0.7260445849	0.7045189067	0.7464289972	0.8185898636	0.7707954476
	0.673986868	0.6916443304	0.6707047413	0.645219184	0.6421385933
	0.4770351571	0.3942265547	0.6032932697	0.5412481797	0.7031736082
	0.7160231962	0.7925751752	0.7957330125	0.6590999056	0.6724683718
	0.7344232011	0.6714611563	0.6843087777	0.7232955352	0.731581083
	0.7876556816	0.7823627268	0.7575624921	0.6753267979	0.6715372757
	0.7072643418	0.7793422483	0.7490790593	0.6843147048	0.6746185442
	0.6891962534	0.653134332	0.6073003278	0.6292360501	0.4083176181
	0.4790629325	0.5791949979	0.5361799496	0.7166959585	0.7795097587
	0.7681147715	0.6853342274	0.6795679766	0.7110188382	0.678042081
	0.6911913417	0.7318971028	0.767731929	0.7647941024	0.7472769746
	0.6869493664	0.7393938198	0.7210294182	0.6900434209	0.7000957394
	0.671839754	0.7014097035	0.6400978822	0.6039622322	0.5639457589
	0.4274503649	0.5055223708	0.7556718452	0.6877931424	0.6855779636
	0.7091355285	0.6739814726	0.6896095832	0.7247515731	0.7382590449
	0.7253789519	0.7149333258	0.6923317674	0.7311086487	0.7601207464
	0.6751650364	0.6957930167	0.6570831406	0.6212822011	0.5921491511
	0.5187133343	0.5681052097	0.4476600041	0.7252405053	0.7006407609
	0.6929312687	0.7056378801	0.6967989286	0.6944368232	0.7093161121
	0.7404929809	0.7639853363	0.7095344368	0.7834898111	0.6803559568
	0.6434820629	0.6109672994	0.4767761846	0.5383253411	0.5777582
	0.70175301	0.7172308306	0.6952786729	0.6951456226	0.6941170137
	0.7566833283	0.7851715163	0.798753951	0.8078372775	0.6654923066
	0.6850980503	0.6395145474	0.6113589263	0.5113071098	0.5712188586
	0.7539445079	0.7277551552	0.7104637316	0.6932699075	0.7054369739
	0.7927459868	0.8027359263	0.8098368989	0.6766118391	0.6869919659
	0.6485238421	0.6026245361	0.6336206992	0.559279342	0.7643545302
	0.7918985018	0.7296730585	0.717236201	0.7339145578	0.7991513911
	0.7978482903	0.6788042174	0.7076153127	0.7016855128	0.617130234
	0.6578185444	0.6653361174	0.7872847919	0.7541328031	0.731274688
	0.748872223	0.7946793825	0.7897707746	0.6910468575	0.7267358059
	0.7120399863	0.6802123382	0.7680780004	0.7830094232	0.748288415
	0.7661814576	0.7798982599	0.7838986899	0.6902826878	0.7471237651
	0.7300565448	0.6993718328	0.7175406369	0.7754844226	0.7559559984
	0.7645591804	0.7757481696	0.7756166732	0.7281436733	0.7473183077
	0.712606106	0.7814611799	0.7675491932	0.7761985706	0.7886230912
	0.7317061468	0.7511194598	0.7875927487	0.7980350482	0.7679614041
	0.7508197655	0.7554038006	0.7577646094	0.7808827899	0.7831643671
	0.7761443372	0.7848074854	0.7792455557	0.7753348035	0.8083860423
	0.8000797794	0.8024599662	0.829845932	