4683	
	1.406215084	1.452150285	1.460382999	1.303364193	1.350274289
	1.492092022	1.389845812	1.532383252	1.364020547	1.452843095
	1.516785372	1.528711043	1.540518013	1.375275738	1.486199385
	1.498613536	1.52608702	1.515807075	1.179179708	1.235968091
	1.296448292	1.573845963	1.60501828	1.587061547	1.280327265
	1.240117022	1.409422764	1.569091847	1.599445304	1.591319219
	1.463856758	1.305468006	1.438241974	1.569136315	1.537509378
	1.460435093	1.451609681	1.418845392	1.031092331	1.090678232
	1.148806434	1.642418865	1.650269306	1.672128129	1.63452814
	1.164920645	1.169990952	1.089890734	1.338777731	1.651184974
	1.631284716	1.659223326	1.381807743	1.361523075	1.236328433
	1.604474684	1.501604039	1.578810328	1.40588508	1.361357628
	1.375296559	1.314042889	0.9452449554	0.8786740312	1.561607439
	1.436237033	0.9834146867	1.705639666	1.691007113	1.720068708
	1.704404007	1.04114825	1.106486562	1.010951233	0.9465424688
	1.235604383	1.708923247	1.661677049	1.692555948	1.28971251
	1.278454434	1.646508989	1.516256649	1.619133003	1.292807357
	1.332908749	1.235244834	1.205324512	0.8531218764	0.8230972521
	0.7548679254	1.592030527	1.360786735	1.449321889	1.40008909
	0.8359835008	1.760618	1.741162833	1.775371484	1.756885874
	1.755369593	0.8880353172	1.075502442	0.9397077601	0.8757902333
	1.135394304	1.737573912	1.704556005	1.171793609	1.674090828
	1.496866922	1.213687112	1.143472477	1.253459771	1.080192893
	1.067707281	0.7186264396	0.7532584238	0.7109519597	0.6454247509
	1.614550286	1.659645012	1.549919946	1.289803234	1.400809671
	1.140369069	0.622413997	1.7549325	0.7564470558	1.812061706
	1.791107988	1.821541558	1.796031891	1.786043428	0.7728969009
	0.9637278598	0.8227576259	0.7924382508	1.016760455	1.7335106
	1.719009695	1.473312278	1.052442205	0.9831199659	1.121621731
	0.9317815905	0.9398161553	0.9201346677	0.6481231304	0.6541850241
	0.6834153836	0.5359815764	1.548022267	1.61882908	1.682532474
	1.290632509	1.18619756	1.384758832	1.012242223	0.6138540589
	1.778665691	1.799475759	0.4800462159	1.666238025	1.673417069
	1.634502114	1.612504241	0.6702295496	1.85160465	1.856369328
	1.832849609	1.861343477	1.825560942	1.832297937	0.6875847395
	0.8303016388	0.7174106296	0.7404799834	0.7065628778	1.778434386
	1.746312931	1.466799358	1.390234568	0.8960543039	0.8462892171
	1.062847296	0.9748731778	0.940921442	0.8198465297	0.8156944795
	0.576251066	0.5983138046	0.5090376308	1.552059535	1.722807079
	1.291582596	1.179530537	1.065371476	0.5652483191	1.820314742
	1.837695863	0.4537179306	1.715913899	1.658343214	1.590785528
	1.640851372	1.694849062	1.680735724	1.574964334	1.548915299
	1.534530911	1.180099999	0.6670598882	1.705350974	0.596042567
	1.892214443	1.895164328	1.862770626	1.890912963	1.868378772
	0.6312249747	0.7247665793	0.6382989209	0.6204307838	1.793975005
	1.83158177	1.769186952	1.477200898	1.386767088	1.364064374
	1.267834208	0.7804307606	0.8225420871	0.7410194123	0.9312207186
	0.8635772509	0.7363233493	0.4755959376	0.5419706003	0.5173293961
	1.038800173	0.9605226597	1.863338495	0.484038706	0.4255069716
	1.758690609	1.725995976	1.50794473	1.570096486	1.617779753
	1.677996704	1.747735812	1.505515248	1.478451982	1.092160267
	0.6087865859	1.72972722	1.754649695	-0.1784507316	1.829950961
	-0.3090980004	0.9523172678	0.7359063886	0.5905620047	1.493056674
	0.5515587449	0.5434017897	1.918766517	1.927663557	1.902864607
	1.894832766	0.6594718895	0.5870028219	1.822938224	1.869697841
	1.862314272	1.798239594	1.39719607	1.26572215	1.303069879
	1.159066792	0.6869553958	0.7700593297	0.6641085392	0.8253329599
	0.8859984541	0.4744127591	0.4736870855	1.89859589	0.4759847236
	0.4605544747	0.3952587661	1.786122919	1.417233161	1.428929851
	1.553735446	1.590683204	1.655798977	1.713313815	1.788933277
	1.421790816	1.004480106	0.5525544047	1.773729413	-0.1722140167
	-0.1256064233	-0.2578480109	-0.4409864511	0.8886610875	0.8473549246
	0.6951725778	0.6397877893	0.6165167582	0.5561937494	1.424008206
	1.40435259	1.495978092	0.3702784857	-0.4095941522	0.7000286143
	0.5288455353	0.4929897844	1.948089407	1.934408019	1.952154534
	1.9248868	0.5870992556	1.833760664	1.864719088	1.896654485
	1.891981926	1.310296563	1.102249813	1.174739108	1.205712119
	0.6221794984	0.7368591442	0.7770305249	0.4536239088	0.4593529418
	1.92299911	0.4346873167	0.4794479436	1.822833544	1.336796906
	1.329411641	1.510970279	1.565499871	1.647531495	1.70640536
	1.762894793	1.818224058	1.311600671	0.907324507	0.9960233966
	0.4995697733	1.808525907	-0.1319582528	-0.07522323743	-0.3009253537
	-0.1512508159	-0.5734513244	0.8124239009	0.8256438964	0.7624609672
	0.6459763643	0.5992841643	0.5592059903	0.5294286028	1.347686807
	1.441717731	1.318719292	0.3569009369	0.446947613	-0.4559923042
	0.6248711255	0.6858707672	0.5456349778	1.152248552	0.4981730213
	0.4774636176	0.4483401924	1.972272553	1.960465841	1.950923197
	1.94767908	0.5492066665	1.878169315	1.858043264	1.905594865
	1.917872106	1.223359223	1.052269575	0.6983758556	0.4541750476
	1.94028873	0.4183138731	0.4407336077	1.85654904	1.219719124
	1.19407024	1.473152518	1.406052337	1.610232472	1.544848437
	1.666498807	1.72007735	1.807194353	1.76332999	1.850315995
	1.200333825	0.8475637578	0.9348934552	0.4846192874	1.842133432
	-0.08447756753	-0.04992883254	-0.305937609	-0.1744191306	-0.1083050628
	-0.612310368	0.7469112736	0.7769636797	0.687454027	0.5880042723
	0.5681752585	0.5202665584	1.217847291	1.276843737	0.4505787594
	0.3403884954	-0.4723786206	0.6542172568	0.5971525154	0.5230973336
	1.011185085	1.098614487	0.3200542665	-0.05731094785	0.4908078222
	1.794859932	-0.3049411701	1.778487418	0.4802785754	0.4654404962
	0.438354312	1.976623833	1.986914166	1.969682498	1.95961655
	0.5216028663	1.891484676	1.919352752	1.937303313	1.09455468
	0.9071176915	0.6286132839	0.4357215501	0.3957796984	1.883431643
	1.071927335	1.076613263	1.472389641	1.396491743	1.340500019
	1.609114818	1.542029799	1.669767743	1.727447928	1.826353822
	1.855162978	1.878099805	1.097669677	0.8212029688	0.7714541647
	-0.05880645491	-0.162282546	-0.1183950404	-0.6497165254	0.7131201503
	0.7247150662	0.6730692201	0.6270831318	0.5759081962	0.5484021155
	0.4985177315	1.122985384	1.215474167	0.4345979733	-0.4391021339
	0.5777858448	0.5113464821	0.9905767193	0.9152493622	0.2944120187
	0.4209532834	-0.05132224595	-0.06488296715	0.4645371683	1.800434546
	1.755674394	1.830959279	-0.1829822949	-0.2914384436	0.2342951191
	-0.08298395868	0.9132206909	1.712276403	1.931962098	1.229517672
	-0.04089496616	-0.1153447609	0.4223482712	0.4617549929	0.4297974619
	1.987155378	1.995912622	1.977977433	1.963177958	0.5064167833
	1.907657336	1.946928336	0.9646329094	0.8216963634	0.6039363002
	0.3741610238	0.9601382547	0.9893242832	1.367879334	1.455837196
	1.269736912	1.60145466	1.524640582	1.66547117	1.866275377
	1.890046461	1.010065176	0.7602498005	0.7440767557	-0.08124351553
	-0.1112976244	-0.6769266691	0.6799072801	0.7001338217	0.6239437532
	0.5420715881	0.5577120678	0.4855099969	0.4946069	1.031751758
	1.017389443	1.114816958	-0.4503215168	-0.2888983498	0.5707633127
	0.4927898367	0.8479761118	0.3594493388	-0.04051015284	0.4531367805
	1.757876253	1.789371439	1.82474747	1.844611529	1.701252343
	-0.103813781	-0.1583718346	0.3517463568	0.1636572566	-0.02393122868
	-0.1033052366	0.8598944742	1.664894959	1.936829112	1.953332245
	1.130079247	-0.04274222179	-0.088451826	0.4063910898	-0.01803178601
	-0.0819825056	-0.05151656819	-0.004182298552	1.714295341	0.5534040209
	1.156586705	0.4407917529	1.996792047	1.991094084	1.999381646
	1.990285239	1.979547671	1.966745088	0.5073763267	1.918023682
	0.868955453	0.7709422329	0.5926018095	0.3759679765	0.8949510778
	0.9179980999	1.236867235	1.348005218	1.438906932	1.610900389
	1.542672024	1.460940713	1.880287879	1.900426123	0.9289326204
	0.7135107553	0.7205987486	-0.07286898145	-0.6827382833	0.6513211984
	0.6712103483	0.6061023779	0.6299035984	0.5378127803	0.4820485549
	0.4788750338	1.030852864	0.9560514768	0.9552913891	-0.2774804797
	-0.4744703521	-0.1864736914	0.5574637648	0.7981621915	0.3248927268
	-0.01049605554	0.4415974244	1.739912144	1.826500656	1.776281257
	1.857896597	1.625654547	1.648008037	-0.006102065495	-0.01464695288
	-0.03875652639	0.3039941995	0.2744434792	0.1352838847	-0.006218616939
	0.02526405852	1.943969439	1.962724805	1.059168576	0.02343698001
	0.4094738465	0.07771712169	0.06371790824	0.01913535209	0.04535856909
	-0.0252166524	1.685149329	0.5407431899	1.056388919	1.123307174
	0.07244536403	0.8178439246	1.784206578	0.4249520033	1.999363455
	1.996895151	1.999939732	1.991185497	1.99687686	1.980220673
	0.489211974	0.5170681047	1.92844853	0.765736802	0.7297339259
	0.5888080499	0.3756092563	0.8359012842	0.8588654341	1.138740184
	1.234769289	1.348094959	1.553975356	1.47307209	1.362216252
	1.910533802	1.888794777	0.8778704881	0.6859407129	0.6850208557
	0.04944491122	-0.6786906809	0.6368616281	0.6350126181	0.5997067745
	0.4729385099	0.4509274561	0.9804316823	0.9527338119	0.8927837019
	-0.3050031029	-0.1455114602	0.007041855691	0.5545535482	0.2432017171
	0.3298533467	0.08596261813	1.727268249	1.68013087	1.81919271
	1.851558646	1.871708538	1.73352857	1.568951905	1.631587386
	1.588233628	0.08975963119	0.09189627788	0.07538436908	0.2019058387
	0.08596823052	0.097729772	1.954877974	1.974685904	0.2037802941
	0.1309487391	0.1386664143	0.01225555189	0.05571351987	-0.02807612073
	0.5287908631	0.549444035	0.9830967577	1.040306941	-0.03349029134
	0.08910188892	0.7861418971	1.783902312	1.739970167	0.1509762521
	-0.2060705486	0.001445355235	0.4034259638	1.999969888	1.999171735
	  2	1.996673555	1.989327908	1.999138443	0.4888651054
	1.937397953	0.7374043651	0.7250621972	0.6960870668	0.6086078108
	0.5685135039	0.5860983069	0.7999542552	0.828515501	1.067358695
	1.127646187	1.232067945	1.482355292	1.384297616	1.256250613
	1.906905017	0.8574745621	0.8302613975	0.6365263039	0.657665729
	0.1628295516	-0.6622541569	0.6219266184	0.4590269155	0.9267634485
	0.8884211569	-0.1430138349	-0.3553028513	-0.06423310851	0.1516542009
	0.1580614275	0.1578987606	0.2439691498	0.1722268641	0.3447001993
	0.1806329654	1.674756077	1.616008284	1.82648055	1.860042181
	1.885388936	1.67984348	1.502830163	1.567469341	0.178058545
	0.1771335261	0.2000198013	1.963701222	1.981549174	0.2012970631
	0.1530759995	0.2470660513	-0.0154580177	0.05245273063	-0.005378960578
	-0.02712788418	0.5335267431	0.5100662653	0.5466379806	0.9247011912
	0.961807263	1.002096115	0.01621183139	0.7418932735	1.73523656
	1.782603801	1.688756083	0.2300729629	-0.09315758091	-0.1346892106
	0.02763976478	0.1218840998	-0.03169548176	0.2407823235	-0.03609804157
	-0.03262826592	0.7474042193	1.49895554	1.296778006	0.1033506747
	-0.2158968196	-0.008271392165	0.2159568045	0.4298893785	1.99989224
	  2	1.993437243	1.998969719	1.999786892	0.4627993025
	1.928065706	1.950277304	0.6895136664	0.6853707087	0.6128606227
	0.5720363283	0.5948061487	0.7870677364	1.034889588	1.133110247
	1.056665099	1.385238708	1.184134449	1.907077555	0.8253375905
	0.7958322943	0.6209718659	0.6462731785	0.250633942	-0.6565648242
	0.8680945193	0.01220390668	0.1485860826	0.2106589638	0.2453387835
	0.1525876292	0.2483623472	0.4036068323	0.3417929696	0.2736938248
	1.608880212	1.534940139	1.798895313	1.846737984	1.881261766
	1.623575019	1.404819999	0.2500272862	0.2881511725	1.970193186
	1.984684085	0.1563460723	0.183277633	0.0104311881	-2.380846753e-06
	-0.03706091842	-0.03067328875	-0.04661834996	0.5435413766	0.5116449241
	0.9099710757	0.8737609175	0.9527484998	0.9619285937	0.05139284776
	0.7242817599	1.742540337	1.670381439	0.3108013741	-0.01928398812
	-0.048612506	0.1126494866	0.123883353	-0.01650059086	-0.01724446929
	-0.04712402245	0.2315133578	0.03710078487	0.005094442788	0.7301705014
	1.430271618	1.245320237	0.05175825989	0.07980450172	-0.3144721998
	-0.07391272501	-0.03594564175	-0.05562180853	0.2376925585	0.2515417428
	-0.03503612469	0.04702840368	1.810058772	1.799147542	1.839777237
	1.10406161	0.7148328811	0.1702432745	-0.05137097296	0.1702502657
	0.02667010039	0.4653465193	1.99999328	  2	1.99604809
	1.987193784	1.999776224	1.999952191	1.998460015	1.999992414
	1.932597912	1.95565096	0.6731597218	0.6958807149	0.6158934522
	0.5714017096	0.609230535	0.7635206575	0.9779596323	1.045748406
	0.99164784	1.281743663	1.125240808	1.906861779	0.8085378734
	0.8409429555	0.7842425661	0.6319529945	0.655586284	0.3072565881
	-0.6484420707	0.09409036004	0.04355740226	0.1174967912	0.1422168512
	0.2959971785	0.166643072	0.2412945568	0.2936719968	0.4260798068
	0.3697999616	0.299109083	1.540891411	1.452501388	1.760551809
	1.869891497	1.570664725	1.300877524	0.2637051903	0.2809452798
	1.973680941	0.1671335861	0.1393956247	0.1644022321	-0.01622905684
	0.04998024991	-0.03174137417	-0.0003607685135	0.5296718296	0.9004013472
	0.8646888215	0.9304761893	0.08747649662	1.683457639	1.731003735
	1.618126639	0.3356327741	0.03824931893	0.04570112882	0.04046294016
	0.05816831675	0.05022436668	-0.03914031752	-0.01640215419	0.1986567369
	-0.03196575492	0.006597797003	0.7388847072	1.35332683	1.172306933
	0.01099298244	0.07747053409	-0.1233462823	0.03561961096	-0.03892852744
	-0.07444915593	0.2466459133	0.1454648222	0.2781207229	-0.02181315156
	0.009819159811	0.02714247547	1.76476113	1.823217942	1.045733575
	0.7112486872	0.1487474521	0.08272939122	0.03345678768	0.02507715922
	-0.6314361953	1.061280303	-0.2610344676	-0.6322748539	-0.005951357009
	-0.6403480255	0.09863072582	-0.0007577604442	1.747790147	-0.1468441582
	-0.6366097255	-0.1325723246	0.7412646629	0.04604322601	0.2801895944
	0.1220190626	0.0415570419	0.5024874042	  2	1.999999815
	1.99306676	1.973288655	1.98234704	1.999072319	1.999992338
	1.999816656	1.996111962	1.936505327	1.95703731	0.6713952064
	0.6819726945	0.6285357155	0.5538428947	0.589091543	0.6046282385
	0.6261328321	0.7675275973	0.9525171249	0.9861211445	1.171445331
	1.089034045	1.89173478	1.919023466	0.7859139748	0.8135419039
	0.8478799182	0.6500451846	0.3453942569	-0.1246791974	0.06549632233
	0.02165520861	0.06380713175	0.05846795921	0.2255784273	0.3472739835
	0.4425836233	0.2814994863	0.3289538809	1.454854162	1.350168457
	1.689534161	1.708632805	1.861233835	1.54919442	1.480265123
	1.207475319	1.257917831	0.2627757263	0.1984659077	0.245294695
	0.1200272297	0.09958723738	0.1409980092	-0.02659205872	0.04155842851
	0.0331880412	-0.01318180408	-0.06282780353	0.8801751118	0.848774527
	0.9084160802	0.1637426601	1.629914091	1.560561199	0.07904831608
	0.1076907883	0.1405343619	-0.0008823882853	0.02014508722	-0.09478253588
	-0.04658999766	-0.01656037875	-0.007935034498	0.03713135986	0.1468179163
	0.009137024309	-0.02973134732	0.1909687573	0.2446785462	0.1043628024
	-0.03860498133	0.02464164694	0.04315569708	1.782979773	1.703317126
	1.825014024	1.017449679	0.7282633691	0.7015695624	0.08346924844
	0.04932713913	0.03105736844	0.04208487164	-0.1586621172	0.06136525297
	-0.3697298112	-0.1220909874	-0.03345791893	0.05441733391	-0.02920569872
	-0.02711099451	-0.05960663853	1.723919088	-0.1318395485	-0.2428955255
	-0.657680936	0.136708118	0.09694096747	0.7494506338	0.08878272356
	0.135355468	0.2969899284	0.2412573056	0.1870993173	0.2006212251
	0.1783500302	0.08584071449	-0.3971511908	0.251074925	0.1171309398
	0.6698759011	-0.003597430702	0.5579533608	0.4484241086	1.40082129
	1.388805441	1.091718291	0.3461189556	0.8097892493	0.6480405204
	1.910907588	0.2515668412	1.668402611	0.5267246231	0.575865627
	1.999998855	  2	1.99071756	1.966420808	1.955951414
	1.979108165	1.997823081	2.000001629	1.9999606	1.999339469
	1.936433671	0.6671119095	0.6901259707	0.6402112075	0.616719024
	0.62776936	0.7644002722	0.9327739726	0.9637459676	1.132259281
	1.079470483	1.035610805	1.883667855	0.794735569	0.8242936999
	0.8365041891	0.315396423	0.08780505994	0.000467511896	-0.02025316632
	0.05015008449	0.1508892628	0.3540910661	0.4630399196	0.2730002261
	0.235968199	1.322217409	1.251614315	1.619206021	1.64943384
	1.853008356	1.461227305	1.365462267	1.169047348	0.2184911885
	0.1617415641	0.106624348	0.06848422951	0.1198170366	-0.01824084226
	-0.04811570316	0.03801302334	-0.04916277493	0.8652224589	0.8604486099
	0.9040414534	1.54683439	1.469829169	0.01623294229	0.04339760509
	0.09350473508	0.101284583	0.1298025788	-0.0514260899	-0.0165306315
	-0.02880975207	-0.075429438	0.06245574476	0.01433168923	0.1910325864
	0.1455793769	0.1941898866	0.01757205894	0.07521024805	1.813954071
	1.765784822	1.620155964	0.9855713183	0.7546033471	0.721905293
	0.1052749867	0.1546652269	0.2347932067	0.3290026657	0.05886051537
	0.03104983538	0.08898182891	0.3147845108	-0.04249189979	-0.1398829246
	0.005681863359	-0.05845347448	-0.0728786016	-0.06115246375	1.703137926
	1.650118625	-0.03683654439	-0.2890457159	-0.09677232785	-0.6825578826
	0.5273526309	0.436847721	0.1802835537	0.1758612217	0.2604721001
	0.2483895802	0.2344632331	0.1966068908	0.1633698619	0.09711979697
	0.1581923546	0.2003569987	-0.3730491466	0.3907451016	0.1814240142
	0.7482229579	0.7775313091	0.558061248	0.4699874123	1.295272729
	1.430207493	1.472398259	1.339898352	1.196981962	0.9873324883
	1.123895173	1.026033613	0.8165368428	0.6642380894	1.915092286
	0.06184838722	1.58769537	1.553052492	-0.7066845876	0.8832766152
	1.634887265	1.346183965	0.9582667194	0.2417669464	0.1307795603
	1.399269013	0.6034275163	0.5772348424	0.6439749592	2.000000442
	2.000001175	  2	1.990516861	1.947942464	1.940025184
	1.963901794	1.96860828	1.981804194	1.996106167	1.996230856
	0.6756285337	0.6524784439	0.7025853454	0.6471766161	0.7823984697
	0.9324017567	1.082938083	1.029894191	0.9855392363	1.885149306
	1.850850226	0.8109455695	0.8318292653	0.2550233143	0.1705352982
	-0.03764768285	0.09014798204	0.2932564672	0.2453473028	0.4596739788
	0.5111909355	0.217903784	0.1836635553	1.260292665	1.206340468
	1.559209242	1.507790179	1.363458717	1.296100357	1.090793617
	1.141280641	0.1229592123	0.06721900278	0.07268862241	0.08285394897
	0.1393403296	-0.04640435085	-0.03307024482	0.06295542492	0.8806638768
	0.8521627395	0.9007298038	1.429468826	-0.01972289426	0.001061479015
	0.2072697881	0.3724339938	-0.02691094923	0.04843475064	0.1140704026
	0.06595325761	0.1884550927	0.2577505418	0.3054866033	-0.02769278247
	-0.01493938697	0.5212162104	1.811246567	1.762857552	1.722186199
	1.518914598	0.775894064	0.7485128859	0.7265122572	0.1043850203
	0.3893878839	0.6105861124	0.5277260601	0.901371778	0.09868599518
	0.1491923312	0.6341951424	0.4309731654	0.692434619	0.04780192353
	0.1591326353	0.3312117818	0.3528325992	0.6713289031	1.659931239
	1.561190295	0.07944855816	-0.1004854774	-0.4120324561	-0.2211781026
	0.08192154174	0.8294909315	0.8022269387	0.8621608408	0.5056387931
	0.4157948428	0.4723067859	0.2408002462	0.2287532096	-0.002119564381
	-0.02565681722	0.03466193309	0.1088607763	0.1515819187	0.1779619992
	-0.3501074286	0.5102859777	0.5500930967	0.8479728851	0.8266671172
	0.7541050723	0.5787225932	1.260659078	1.480168209	1.531808263
	1.179570768	0.9342064426	1.081106144	0.9853139045	0.6707124862
	1.915104622	-0.1335471234	1.493380969	1.619457449	-0.4742651402
	-0.7131701322	1.568710247	1.308670184	0.9503055645	0.7755391725
	0.1957980624	0.2180881755	1.384105694	1.457528129	0.7465837235
	0.9844584817	0.6492851775	0.1160191446	1.219700707	0.6698103403
	0.6621246749	0.6112975188	0.678259871	0.6949035177	1.990625642
	1.947347413	1.92409361	1.949123213	1.97137107	1.95730451
	1.98080507	1.986735432	0.7026202734	0.8059418322	0.9235874658
	1.049228031	0.9886782525	0.9683874345	1.849066007	1.892061218
	0.8150228414	0.8348960362	0.2112106053	0.1707437952	0.09528016724
	0.2618569885	0.3571774485	0.5308500395	0.5195316348	0.5676439038
	0.1757033621	0.1454760654	1.164587131	1.436827876	1.395649652
	1.321569165	1.259662371	1.084820878	0.09009424775	0.2100676786
	0.03745472557	0.009822342536	-0.005555521008	-0.1173059952	-0.1793118356
	0.8753804185	0.8579686335	0.9022736728	0.1220489823	0.5512198572
	0.704781303	0.08223754721	0.3667353008	0.808293281	0.598396869
	0.2943767021	0.3633788848	0.5692674487	0.1409423467	0.9287456214
	1.801040572	1.743476543	1.689416053	1.422753577	0.8049607358
	0.7734782527	0.7572705558	0.7344851221	-0.004386728093	0.6664846069
	0.8826348612	0.9957303265	1.081415352	0.2396212321	0.2677077973
	0.9761017829	1.014245453	0.66586254	1.081411911	0.1638551756
	0.8315993497	0.7472930004	1.141683673	1.088236567	1.60001662
	1.471500505	-0.07251361115	-0.2529318047	0.3079268787	0.9342782926
	0.9787537342	0.9735425272	0.6298379673	0.201762903	0.3152315517
	-0.1128140382	0.08927482168	0.06987634139	0.1510089823	0.111502504
	0.147688377	-0.1423680366	0.6095383263	0.9096414784	0.8489668432
	0.7576213425	1.22885143	1.536565632	1.605356138	1.137858811
	1.05208003	0.9905911866	0.6917470584	0.3136184215	1.402185641
	1.683637828	-0.3216403329	-0.5088526542	-0.7189073421	1.501795523
	1.311920611	0.9493078845	1.215170146	0.2434895693	0.270867731
	1.391345675	1.466068074	1.016938869	0.9597189022	1.073844576
	0.1631362871	0.3679168729	1.184496649	1.161144935	-0.6991869279
	1.094440825	0.3707362444	0.5310563749	1.73486655	-0.7131616451
	0.1191441371	1.059679037	-0.09687996678	0.5931777983	-0.3220174844
	1.526408541	0.7476774974	0.7481052052	0.7000259096	0.6711590568
	0.7350328126	1.925701006	1.895204788	1.933378723	1.964947242
	1.952689024	1.938187981	1.972055765	0.8354995854	0.9191067325
	1.018443778	0.9772805533	1.056333788	1.863456241	1.820218717
	0.175383093	0.2341869546	0.3711835872	0.2356012697	0.5466501718
	0.7184738563	0.9007554759	0.7889875686	0.1576352853	0.1154396558
	1.112822245	1.350957954	1.313746751	1.241784251	0.2522869413
	0.3431350741	-0.1580617673	-0.02663643748	0.1015779846	0.2870256333
	0.8879145294	0.8716324052	0.899781533	1.084994061	0.5968709682
	0.9293550325	1.100390476	0.3826728962	0.7348266638	0.9639734332
	0.7052488002	1.165358059	1.774671478	1.718049307	1.683860451
	1.614744934	1.335600404	0.8275961553	0.7900770722	0.767027602
	1.034166318	1.236409382	1.249183438	1.18097732	0.339484605
	0.4387911463	0.4069950641	1.053792603	1.074636395	1.088385662
	1.081020796	0.6358780363	1.242311508	1.13968876	1.142406427
	1.140343328	1.412338325	1.370041902	0.148161641	-0.1653770517
	0.5428709707	1.062461567	1.089842816	1.102767088	0.2873899325
	0.3980265501	0.3548355707	0.5941019367	0.2132551459	0.4319633393
	0.5145034258	0.2929845439	0.9402517288	0.8979166274	0.8221471741
	0.7562643257	1.243892966	1.167585083	1.541118357	1.60917469
	1.669009711	1.084432796	1.030752669	0.7988336179	1.327365249
	-0.5016189142	1.438392779	1.305715014	0.9623956847	0.9336298231
	1.199962687	0.3009994419	0.3704474009	1.388201859	1.480479203
	1.13002294	1.212571062	1.072060994	0.4011705447	0.6029190364
	1.182834617	1.122023274	-0.6846053095	-0.5172168131	0.5811439228
	0.7762155866	0.7092664138	1.775117213	1.719995127	1.075385938
	0.09193832454	0.8153821508	-0.2812573121	-0.05449210168	1.540553823
	1.46026004	1.789666263	1.792200155	-0.5914490162	0.3424160536
	-0.5155483933	-0.6417432058	1.371597052	0.8008221196	0.8113200572
	0.8185666392	0.7691173197	0.8306060662	1.908001379	1.874464594
	1.853210572	1.909003465	1.94206137	1.95352266	1.927796832
	0.8586685747	0.9171461294	0.9761068048	1.023342393	1.085704589
	1.80946409	1.759697852	0.4413211692	0.3831549826	0.7609289365
	0.6157887742	0.878548081	1.038353723	1.288235437	1.102692217
	0.4465862923	0.6913639074	1.276727766	1.224551399	0.8190764849
	0.8489739405	0.6479612082	0.966253653	0.8887136536	0.9036223633
	0.8943840606	1.115858002	1.305089634	1.119253159	1.20847577
	1.191197665	0.7443573428	1.115812494	1.260839869	1.154401775
	1.162009022	1.682876199	1.629756578	1.269705448	0.833064435
	1.372848391	1.16463004	1.203459384	1.228337081	0.4426583099
	0.6847423428	0.5836140787	0.5793385034	1.117152618	1.093408961
	1.084836428	1.073611538	1.076690104	1.069592074	1.182830441
	1.119183644	1.138835453	1.336981764	1.294719713	0.3606887059
	0.2300372536	0.7895464552	1.074488011	1.091069011	0.5851635899
	0.9019819475	0.8833601195	1.105695004	0.5896773034	0.7822751908
	0.8911537227	0.4538381506	0.991596997	0.8369777915	0.9129436816
	1.208763739	1.128231046	1.56918374	1.612219692	1.671156325
	1.081514097	1.022867535	-0.2448788581	1.389737041	1.340412561
	1.257535298	0.9632345379	0.9443106348	1.15750369	0.495160985
	0.5711467927	1.459943661	1.411913223	1.529044363	1.243788029
	0.6530763954	0.8493562171	1.160232721	1.103930374	-0.398032754
	-0.1878904596	0.7967583286	0.8193109426	0.9109841171	0.7289178014
	1.75862451	1.719219886	1.080536001	1.080845355	1.022402649
	0.06584070523	0.2649104873	1.449212114	1.531213043	1.773192737
	1.77889817	1.786656577	-0.3229768019	-0.2200564531	-0.1204860424
	-0.4339821737	1.311803103	1.346232729	1.777229839	1.299312042
	0.1402344807	0.953237165	0.9402618594	1.599310918	1.384454368
	0.852238506	0.8686227854	0.8896784693	0.9084351395	0.8738843683
	1.887648294	1.850880152	1.830204475	1.870457435	1.866169648
	1.899541414	1.928209126	1.915116049	0.8960163246	0.8783073439
	0.9354669447	0.9893516777	1.016610418	1.049582397	1.777588069
	1.716577085	0.7949952617	0.6135865865	1.02394064	1.112097205
	1.220215139	1.270272104	1.294737387	1.413634563	1.057207573
	1.298334711	1.210178673	1.312409877	1.098173962	1.091516952
	1.235388665	0.9249669145	0.9276300662	1.287169432	1.212593363
	1.219934034	1.159942549	1.265174937	1.256612896	1.399151597
	1.211579098	1.170952702	1.592404785	1.632368632	1.23524755
	1.359289934	1.169685705	1.174818217	0.7970381298	1.038001389
	0.9116598928	1.101183399	1.116089963	1.108414706	1.083444996
	1.124593875	1.040593066	1.15193602	1.27732108	0.6337862824
	0.6085540988	1.064892317	1.081945893	1.174691957	1.416263512
	1.276288816	0.8024716431	0.9918313869	1.114480782	0.7595990821
	0.9931481064	1.086977783	0.9399291575	1.17581636	1.648701571
	1.707430768	0.2055156221	1.335467384	1.427826217	1.274756314
	1.358218949	0.9663985349	1.178900922	0.6920084085	0.8799871945
	1.487669361	1.558291822	1.197156447	0.9457583695	1.120167451
	1.130865218	1.169261349	1.086365968	-0.0668515534	0.1565689528
	0.9834264092	0.9129079522	0.8168718377	0.9681293988	0.7299964055
	1.744533061	1.081869415	1.084286419	0.4610287694	1.447182612
	1.510036861	1.760818542	1.776018638	1.771608689	0.1148099908
	0.03946328785	0.34301752	-0.3352808468	1.278609507	1.307362673
	1.765123032	1.761761343	1.274572584	0.4748553016	1.289781625
	1.24131095	1.149879458	1.114788127	1.657360231	1.631303911
	1.396609102	1.352498265	0.7542337867	1.282470971	-0.2642833145
	0.9473556461	1.140297828	1.103924252	0.9561638972	1.059181549
	0.21827496	0.6615055212	0.9140750567	0.9354532896	0.9650527318
	0.9659559295	1.003877785	1.826732835	1.796518502	1.823897045
	1.860557426	1.826695934	1.886720879	1.899541292	1.884213034
	0.94056606	0.9656441878	1.028235885	1.000320102	1.061860768
	1.734230758	1.664481992	1.38972327	1.013229913	1.111359227
	1.202170319	1.231706107	1.263016414	1.366950602	1.321370838
	1.273101438	1.188574152	1.262849871	1.26302727	1.240616524
	0.956651832	0.9715972554	1.246747846	1.217870281	1.183583307
	1.204335226	1.196982578	1.207262689	1.398773361	1.376714081
	1.340375367	1.21224558	1.52280553	1.58107056	1.210714673
	1.238569272	1.282590459	1.220477813	1.17384455	1.315911242
	1.159203578	1.176230738	1.1650683	1.126145495	1.165221925
	1.032413702	1.024823069	0.9189929162	1.332494391	1.109296591
	1.344910836	1.241023349	1.160670764	1.182728828	1.178963707
	1.012146554	1.168556436	1.140359533	1.230966214	1.706768672
	1.742650377	0.5363018532	1.31296089	1.284411522	1.448565938
	1.515967302	1.299667942	1.386223175	1.168120141	1.58354173
	1.291435743	1.361815773	1.136268736	0.3384042393	1.013382265
	0.9110286891	0.9768727027	0.8603347123	1.083516348	1.112505231
	1.447485884	1.761786753	1.76138035	1.759558358	0.5317141394
	0.5901731805	0.7382760116	0.1517758085	1.276168849	1.243573932
	1.757505318	1.748751242	1.230145519	0.8400761839	1.329828969
	1.367663095	1.27474603	1.1554718	1.162073898	1.691140538
	1.639482809	1.679547556	1.385636569	1.335729738	0.8096422316
	-0.2473055858	0.1160862065	1.277008353	1.168519672	1.114710845
	1.227531004	1.087276656	0.5840659868	0.9560997663	1.081571074
	0.8968704474	0.8692668384	1.3007279	1.224031537	1.319099095
	0.9892050957	1.004112771	1.056823447	1.065179992	1.081252852
	1.780896562	1.732022724	1.759750846	1.786280812	1.812114762
	1.852215537	1.772624523	1.866588194	1.850211615	1.004826765
	1.000302435	1.051214418	1.044438702	1.082174918	1.662162717
	1.575182895	1.316514682	1.287868568	1.280969268	1.178638958
	1.211203271	1.293801679	1.292374066	1.256517726	1.292825547
	1.176132228	1.230557038	1.235101026	1.225942815	1.015813784
	1.282933308	1.244142483	1.261341885	1.215030295	1.23479958
	1.19624772	1.214200794	1.313915171	1.365927102	1.335017784
	1.227205169	1.506960965	1.434987897	1.459853888	1.213438676
	1.330977211	1.251884885	1.385101806	1.189055658	1.190399078
	1.142223212	1.193345306	1.164588998	1.068814394	1.388260034
	1.343891736	1.396386272	1.291148507	1.215659404	1.191937872
	1.220375174	1.209816524	1.231077224	1.157561926	1.729920157
	1.738526578	1.757726786	0.9372104445	1.292323626	1.25415778
	1.252324091	1.272984607	1.527808411	1.473048426	1.590701055
	1.325279201	1.415986613	1.414311417	1.151096926	1.041849925
	1.002555762	0.946899047	1.06533122	0.9573144226	0.9174014363
	1.115216575	1.760693066	1.759573949	1.757015659	0.9224748407
	0.898870304	1.039052844	0.5271798669	1.224342002	1.745625483
	1.72386805	1.274288837	1.126643383	1.405388861	1.368823307
	1.432895809	1.338747743	1.176679491	1.719381236	1.693170473
	1.652158511	1.359211503	1.39357741	1.317437523	-0.2302495471
	0.2513844356	1.254072311	1.116767151	1.141223712	1.281757941
	0.8700707858	1.271051413	0.954354124	0.9299263327	0.9779630948
	1.382377517	1.256719248	1.355168958	1.371446196	1.599540813
	0.9760244615	1.029302268	1.650148353	-0.2059888255	1.091803303
	1.689771336	1.163852946	1.242013185	1.325017677	-0.2185726749
	1.030904616	1.215630562	1.338719161	1.497889232	1.437447136
	1.213477125	1.064629934	1.065956827	1.134889406	1.146844167
	1.153390777	1.712173769	1.643311408	1.735205662	1.69153573
	1.747214074	1.811914623	1.776013697	1.705966858	1.827051144
	1.81499093	1.06256645	1.054975761	1.089559399	1.092875975
	1.556016277	1.474400416	1.34198729	1.334617863	1.264077129
	1.288180451	1.333954242	1.346995285	1.309125407	1.191301343
	1.290512274	1.276011603	1.321939142	1.258443221	1.239252153
	1.260403367	1.234334579	1.255143778	1.362876882	1.402492959
	1.371253024	1.308257827	1.446975306	1.21543299	1.15284574
	1.217823368	1.186179131	1.219391706	1.103602569	1.424955088
	1.37493764	1.456000395	1.237975029	1.223352049	1.293844702
	1.308340739	1.229090809	1.303389994	1.751620721	1.744005567
	1.754964435	1.310263173	1.284676153	1.226212757	1.25892875
	1.592428256	1.552842888	1.646023374	1.37382789	1.446211238
	1.172535727	1.042096099	1.091278282	1.123022282	1.023833372
	1.756446001	1.753602169	1.754363942	1.744449037	1.210380652
	1.164719294	1.147356051	1.250408359	0.7821025745	1.722602532
	1.419593414	1.38366357	1.375586357	1.340096845	1.725497025
	1.69547652	1.366859408	1.311291324	0.4640030576	1.13509755
	1.156759046	1.133869566	1.334220443	1.060348086	1.403189975
	1.272046996	1.344260837	1.361705147	1.617943059	1.662403472
	1.544423875	1.078536706	1.161322357	1.691886643	0.4606250501
	0.328285261	-0.2022800815	1.295601802	1.375681003	1.441625311
	1.405045823	1.088925741	1.249890875	1.346050279	1.327271859
	1.523072898	1.57696395	1.383065457	1.404129143	1.325963477
	1.27105569	1.202664563	1.477415054	1.306200248	1.116633288
	1.143197099	1.216243507	1.207510488	1.234071421	1.625050058
	1.537077268	1.678943945	1.6055199	1.716817204	1.688666388
	1.762580171	1.786567364	1.640539017	1.627825086	1.779068192
	1.109195459	1.146201942	1.137936082	1.460130838	1.396788669
	1.365949448	1.350350494	1.331349325	1.304224427	1.324059413
	1.347264308	1.369966731	1.30552966	1.194995602	1.306022304
	1.285043351	1.2998653	1.263922574	1.255576685	1.283188257
	1.358817268	1.3605639	1.426158034	1.248844391	1.166796557
	1.243848248	1.218533251	1.246700592	1.446216887	1.42293109
	1.370636641	1.323925011	1.319056552	1.358768392	1.393858958
	1.758020327	1.744676555	1.75494583	1.294814796	1.285657828
	1.231300973	1.262583464	1.631520008	1.687713948	1.484116831
	1.112405459	1.167715593	1.757529282	1.753849883	1.752742007
	1.74026518	1.247313585	1.194180158	1.195445361	1.218708973
	1.286081355	1.140860262	1.710703749	1.395321126	1.389163743
	1.381898656	1.356273922	1.724977432	1.309281303	1.026029172
	1.176232422	1.160067864	1.16325981	1.418118378	1.352763161
	1.676345993	1.574231208	1.644652736	1.244519576	1.075149551
	0.5265568074	-0.2002932175	1.418373436	1.483305418	1.531557861
	1.515973824	1.159451654	1.275835931	1.33377845	1.321402556
	1.564311326	1.594300409	1.642284907	1.346671323	1.353997666
	1.381827599	1.33541484	1.311743707	1.384902844	-0.1194516999
	1.252009966	1.43917727	1.185028196	1.158176333	1.232351324
	1.275822178	1.31239347	1.29220951	1.524756391	1.430363056
	1.502932381	1.574397581	1.658346438	1.720567595	1.667746571
	1.62905662	1.745608745	1.533718477	1.564237421	1.728878905
	1.16896204	1.184196442	1.201233706	1.382708792	1.333644788
	1.366475475	1.38198291	1.381429141	1.355722175	1.340461526
	1.362269135	1.36967978	1.36821379	1.21384224	1.325918247
	1.307226326	1.305791533	1.327622317	1.368980296	1.422154057
	1.280099312	1.220004255	1.289923522	1.263654061	1.297943424
	1.442700591	1.410167453	1.373493294	1.360418363	1.367362187
	1.382460501	1.463177824	1.756995241	1.754933188	1.744636528
	1.294610698	1.24675559	1.276390159	1.687364398	1.723127263
	1.542288435	1.202104745	1.241564215	1.755596611	1.75100358
	1.743465653	1.732593491	1.27713995	1.283304699	1.218516334
	1.301904421	1.34092637	1.701659384	1.418472642	1.420396464
	1.399886989	1.308766292	1.197157129	1.239578611	1.235882753
	1.442561768	1.603031384	1.675848085	1.315994709	1.178476171
	0.5836051939	1.525492496	1.482605971	1.574358798	1.305520008
	1.315758979	1.609317318	1.642568204	1.687785884	1.317263949
	1.307003049	1.432993954	1.385657717	1.378012084	1.447906966
	0.6770166838	0.03412044428	1.315850967	1.451880227	1.450883408
	0.09975125775	1.339912288	1.380292632	1.269598584	1.697678063
	1.406219775	1.219478733	1.265664867	1.223830717	1.314019723
	1.355284647	1.418582862	1.371708411	1.443725888	1.327023292
	1.371211942	1.392524329	1.447154097	1.603151568	1.585696588
	1.698149881	1.638435885	1.471894483	1.511289708	1.668982706
	1.217638567	1.239441909	1.249309898	1.281889643	1.299029485
	1.3914129	1.395101281	1.389558885	1.373014581	1.397523948
	1.420688891	1.401371118	1.390657598	1.392952478	1.355036981
	1.343163029	1.347525518	1.340873752	1.304823621	1.449175334
	1.318320219	1.28969573	1.328659375	1.325875294	1.445229226
	1.422234995	1.402501711	1.419600583	1.527888412	1.755392798
	1.752101427	1.743975541	1.295626165	1.305553918	1.721425208
	1.61070876	1.292044061	1.315377201	1.755998752	1.751166021
	1.726452059	1.738974923	1.382365466	1.351471595	1.342353682
	1.306374644	1.279823922	1.37499561	1.434143607	1.306922788
	1.307521991	1.282705457	1.328332833	1.465607314	1.650844581
	1.699840568	1.405031374	1.270851952	1.198426378	1.622107251
	1.566386932	1.525963462	1.301080185	1.663684655	1.288864363
	1.275420992	1.466648658	1.501444411	1.210968752	0.684564005
	1.392732601	1.456846445	0.1653424826	1.290411783	1.728315549
	1.711556536	1.436475201	1.439008092	0.4102718858	1.264616925
	0.3200747099	0.3528685253	0.2611143168	1.39933769	1.599171034
	1.470183157	1.291065318	1.338174847	1.279107013	1.3905433
	1.434712334	1.500513319	1.450965442	1.296198588	1.251035359
	1.24880289	1.321790957	1.29813386	1.353014696	1.393966944
	1.525512633	1.581083952	1.529276833	1.603276714	1.361551716
	1.420762129	1.453244988	1.287128998	1.231717908	1.239999031
	1.402724925	1.409392145	1.400619071	1.384859853	1.446419275
	1.450101151	1.416988692	1.434738216	1.376230706	1.372457893
	1.381677196	1.361988664	1.283118956	1.364118894	1.371247727
	1.463268196	1.451028462	1.457151743	1.581006022	1.75565079
	1.753318843	1.743596331	1.31394275	1.310441546	1.680451598
	1.647431591	1.371612949	1.373384186	1.754176168	1.746776052
	1.72937747	1.433254496	1.390605804	1.351632214	1.302841409
	1.352406729	1.439968724	1.488872383	1.470386382	1.695585763
	1.515611052	1.298532419	1.661593745	1.615152791	1.29001477
	1.254674963	1.561213978	1.282127582	1.230769279	0.7940583462
	1.252817402	1.442656903	1.320470164	1.74143716	1.727025094
	1.471400669	1.470322076	0.4828294431	0.8297870802	0.7912781598
	0.8071851281	1.432349811	1.668640182	1.488437453	1.296741241
	1.376513942	1.345877809	1.418374928	1.335999698	1.468679233
	1.515415379	1.588446298	1.530774025	1.239952176	1.195856124
	1.187890047	1.171295847	1.216996208	1.272489147	1.305007143
	1.525868706	1.450699341	1.447097087	1.257000278	1.311251696
	1.357991364	1.194854589	1.211812247	1.432388708	1.432769066
	1.41932279	1.419174315	1.488094271	1.455644771	1.406769118
	1.411067456	1.441054737	1.414465407	1.256052496	1.272633178
	1.433849349	1.42952877	1.494331114	1.480771825	1.506855176
	1.479601991	1.492200831	1.624564753	1.755104494	1.75248252
	1.756478405	1.339978669	1.324911127	1.310731352	1.70386701
	1.676686365	1.45573727	1.753216247	1.728806693	1.496092529
	1.384813609	1.440102886	1.372190561	1.341920336	1.527589145
	1.506166099	1.601269323	1.680630461	1.702613757	1.282655197
	1.220168881	1.315554521	1.286334292	1.302194872	1.477794993
	1.356086363	1.752207265	1.740965367	1.500249553	0.9082224487
	0.5034265153	1.276787404	1.2334126	1.280161221	1.301492821
	1.30007794	1.539039182	1.316398972	1.239191555	1.429330812
	1.457705357	1.394804379	1.500708653	1.400711815	1.549551423
	1.581185634	1.669571828	1.635961489	1.618069024	1.172240928
	1.126522643	1.134488698	1.092758603	1.11575649	1.217814836
	1.152385124	1.436277452	1.351638435	1.352947733	1.167706442
	1.212542048	1.255298325	1.256935404	1.152806577	1.175321461
	1.458773377	1.448220664	1.447723457	1.522850942	1.485290658
	1.496582603	1.484638967	1.262680192	1.507542862	1.530833882
	1.529191165	1.544400748	1.509587164	1.521620736	1.755922208
	1.755667735	1.762089603	1.76108789	1.349108376	1.388404688
	1.3265659	1.716900969	1.738738094	1.533289398	1.554586022
	1.410019692	1.496562881	1.461636379	1.381063261	1.327780497
	1.630239077	1.711335412	1.287442064	1.218720493	1.191184904
	1.321089576	1.764172684	1.751119232	0.9268381718	1.296442731
	0.4892154183	1.302428175	1.337364074	1.316532344	1.590548629
	1.350537056	1.245652804	0.6033281296	0.6539341674	0.5267066884
	1.3852643	0.9970691614	1.465428078	1.504686886	1.534086342
	1.58264068	1.445252395	1.68612048	1.725199442	1.645272638
	1.685376468	1.096204248	1.043741313	1.066331646	1.085297616
	1.041613773	1.009279621	1.083608473	1.32681771	1.231597061
	1.24331171	1.105609258	1.142596687	1.16283477	1.139503303
	1.109662841	1.140920778	1.493336323	1.554553928	1.546701776
	1.519625422	1.536539098	1.554675821	1.595353532	1.273893466
	1.56730772	1.582137013	1.540647727	1.7559888	1.764134176
	1.753164041	1.774825202	1.353774414	1.440153039	1.554678926
	1.585634028	1.437506302	1.513139968	1.487121639	1.403792074
	1.368496187	1.424330717	1.350355711	1.667646667	1.734388034
	1.312235361	1.238474113	1.195627887	1.1591025	1.330709708
	1.77387992	1.762103665	1.215979547	1.315623	1.344105064
	1.349584004	1.003822286	0.6840945168	1.00314397	1.404338519
	1.320704625	0.7020442791	1.623484854	1.30092441	1.508199558
	1.542269849	1.589190423	1.737272152	1.664139808	1.711790006
	1.012389624	0.9557942787	0.9783247444	1.012540581	1.04182844
	0.9664102142	0.9270018297	1.022570288	1.201076881	1.127827811
	1.109516689	1.05249753	1.030011408	1.103713735	1.55417201
	1.582478983	1.574609713	1.56222077	1.583551928	1.595858504
	1.691933067	1.272089039	1.602126974	1.612797108	1.619793852
	1.758072317	1.77657697	1.78649719	1.347767926	1.392021149
	1.485375536	1.448059742	1.548678366	1.599143567	1.626652805
	1.469451854	1.512809292	1.388653839	1.444459557	1.423610366
	1.371484181	1.747367286	1.205268224	1.244336894	1.156258553
	1.785930331	1.777682091	1.340512052	1.355888445	1.376243751
	1.359307945	1.037831398	1.327070574	1.358478695	1.060402322
	0.7147468409	1.66542237	1.30915556	1.546663073	1.594153827
	1.609050347	1.759429433	1.726398593	1.674324518	0.9128323517
	0.9434738476	0.8849825128	0.8813300297	0.9278433033	0.9688109519
	0.9742429974	1.038684949	0.8674771847	0.9509100838	1.069687166
	1.022334953	0.9873471351	0.9288037266	0.926002014	1.088965223
	1.61118022	1.596701077	1.611626657	1.63407646	1.747861787
	1.72960457	1.275040382	1.638437729	1.649026709	1.767056847
	1.785852863	1.793769706	1.798807649	1.38548136	1.338017662
	1.434033187	1.523773431	1.484083481	1.555735752	1.601756842
	1.6487173	1.473504124	1.510240784	1.411915714	1.449409019
	1.407398091	1.210208113	1.151435242	1.80275881	1.791801845
	1.369402611	1.365088434	1.385721909	1.376060536	1.310221393
	1.164431714	0.7391451471	1.690208324	0.7696517696	0.8127937986
	1.634473573	1.812449935	1.079296657	1.370763954	1.60492119
	1.688804565	1.772378665	1.737594501	0.8528161775	0.8705114281
	0.8146117816	0.8610759759	0.8184148917	0.9042215547	1.004772042
	0.9260817375	0.7944064095	0.8419575006	0.9506550683	0.8842478216
	0.8042123997	0.849501859	1.660378244	1.644522324	1.771782825
	1.764541015	1.740436055	1.317713541	1.264226756	1.209223051
	1.673982586	1.675620764	1.804454009	1.795208401	1.441200748
	1.501227516	1.566638229	1.545184967	1.595492237	1.684218463
	1.670659074	1.490223215	1.439762315	1.466664046	1.425235995
	1.13452472	1.820417002	1.81198233	1.798294438	1.379929452
	1.398250511	1.378906592	1.354897627	1.30569349	1.704335198
	1.316573213	0.8673213637	1.640684792	1.820370384	1.040559496
	1.341086561	1.392617849	0.9370024759	1.521880637	1.814743388
	1.090411802	1.665210122	1.734071205	1.772227106	0.7758743282
	0.7668897398	0.7924642755	0.7342636363	0.8416871003	0.7616282468
	0.8694266528	0.9609705112	0.8939488041	0.7323020934	0.7453290096
	0.8465936549	0.8001458284	0.7325887368	1.698299506	1.791525862
	1.773616363	1.760176081	1.735645236	1.278891566	1.213808693
	1.706522341	1.810021183	1.443900298	1.518493164	1.599877013
	1.560581317	1.517169469	1.597803409	1.703474574	1.675596818
	1.491171208	1.45416102	1.43860345	1.16398397	1.827605294
	1.824572558	1.803984165	1.396551654	1.419043577	1.385818564
	1.395069029	1.380342586	1.637481648	1.821517015	1.013897871
	1.314110465	1.388545288	0.9847103609	1.611133687	1.81880465
	1.074366549	1.144217435	1.551887069	1.730468669	1.684360129
	1.772840256	1.799715539	0.6902134136	0.7104659698	0.751637743
	0.805422851	0.6949217601	0.6713475191	0.8331879105	0.949307694
	0.8349708917	0.8994433462	0.6671401972	0.683717504	0.7591310656
	0.7087066278	1.736276799	1.807677401	1.793196249	1.780100745
	1.763477568	1.233601308	1.729753139	1.48585388	1.603008792
	1.594107384	1.522646778	1.70802712	1.672648041	1.488537188
	1.472122085	1.450349684	1.827977969	1.827037869	1.421912848
	1.418104107	1.4079652	1.634968553	1.818045488	1.010349498
	1.326267863	1.388740435	1.027922492	1.68150926	1.817071345
	1.06020042	1.118732233	1.186089677	1.572089743	1.08176379
	1.112650929	1.138674615	1.660241531	1.820975993	1.767473773
	1.742370799	1.793275033	0.6473806727	0.7781572398	0.7186761883
	0.6275826822	0.6647442512	0.6307122569	0.9587979946	0.795290138
	0.8531138997	0.9109611719	0.6220362249	0.65828219	1.752460712
	1.809243081	1.79747046	1.78477055	1.772536366	1.271020199
	1.727949678	1.449014908	1.551792905	1.677510375	1.628656627
	1.61949981	1.558178981	1.514028983	1.695455815	1.491469232
	1.473099098	1.826303438	1.82248986	1.457952869	1.43569275
	1.445332962	1.017968862	1.386256943	1.718568709	1.808871057
	1.797897066	1.076061261	1.128804456	1.165829351	1.232079324
	1.593030235	1.43000568	1.117203234	1.426623556	1.665964299
	1.814755088	0.9579805812	0.6673620304	0.7327147123	1.05263943
	1.749117215	1.487943617	1.772624334	0.6061333066	0.7439155145
	0.6900053463	0.5883305246	0.6197500654	0.6259735968	0.9710157557
	0.8472555616	0.7587066011	0.9197470229	1.757783874	1.739728497
	1.803923994	1.79849657	1.788328183	1.776655067	1.329731399
	1.711615822	1.49296452	1.576654412	1.678104636	1.718087972
	1.634144953	1.628654585	1.546981807	1.58455224	1.515430323
	1.503394353	1.81702465	1.811478355	1.813725116	1.451224938
	1.030451137	1.422482723	1.795739536	1.789375286	1.090309357
	1.193201837	1.14673775	1.288138808	1.474026708	1.449465038
	1.691751802	1.656443643	1.803149464	1.311046546	1.446215802
	0.8917919394	0.9012124446	0.6062894225	0.9925611467	1.066419464
	0.789909975	1.750202868	1.510400607	1.52558285	0.2718605712
	1.547294096	0.4482473726	0.8374771838	1.049468499	1.383385825
	1.798598893	1.749207786	0.6537376533	0.5872472695	0.5910197852
	0.998417849	0.8528838166	0.7129009061	0.9524037035	1.764585918
	1.745250561	1.726528114	1.797888137	1.796887597	1.783038341
	1.379366379	1.461635634	1.525391181	1.578122137	1.713666051
	1.672740184	1.623442852	1.625269005	1.592448604	1.572410344
	1.545822946	1.805392454	1.7948135	1.500313203	1.786504936
	1.768368581	1.776325071	1.101598647	1.255138238	1.210491027
	1.205306459	1.163357257	1.324303411	1.499369651	1.693810972
	1.659866092	1.794887354	1.467358821	1.512787923	1.285874854
	0.7781823451	1.104403004	1.223898873	1.311426205	1.172850196
	1.345632787	1.543354029	1.537647589	1.562619982	0.5249196774
	0.1038400775	1.056403149	1.467601988	1.780103066	1.379101721
	1.620837503	1.700732585	1.72679146	0.6099023418	1.032358139
	0.9275392988	0.784149764	0.6519416814	1.769401745	1.745862584
	1.719351457	1.788342107	1.419743638	1.523766386	1.46574142
	1.582567155	1.648757635	1.645527515	1.598608731	1.584403772
	1.778438576	1.7688967	1.544962528	1.510050686	1.761208573
	1.746740844	1.143481474	1.281047305	1.258267963	1.218475462
	1.348255384	1.685765704	1.782358685	1.505611208	1.50976466
	1.417715559	0.9056104294	1.298331656	1.240591327	1.359013937
	1.400827497	1.565110645	1.585310928	0.7907577613	0.5074243112
	0.3285560506	-0.07466645229	1.099547618	1.491444489	1.765539487
	1.763351587	1.396494702	1.637557762	1.615097362	1.605579761
	1.439206719	1.704307407	1.657785408	1.128822427	1.052409805
	0.9860131597	1.121405849	0.8630546126	0.7026965802	1.739173934
	1.761089335	1.709651029	1.772657076	1.440789365	1.543092144
	1.492110872	1.672603924	1.604391044	1.596722351	1.748855042
	1.736013364	1.566036181	1.545017406	1.734342616	1.726542057
	1.205563302	1.258094878	1.325246492	1.310840702	1.373503203
	1.75984704	1.515336273	1.495906479	1.466570896	1.159820056
	1.364191326	1.302026608	1.251921663	1.426126861	1.581006403
	1.593357885	0.9634082899	0.6943137626	0.3345665963	-0.2776035043
	1.745016299	1.73843224	1.410886087	1.653001862	1.628479317
	1.615127674	1.584753497	1.457319151	1.657610044	1.688782304
	1.429686687	1.540445682	1.747599818	1.718012069	1.603870255
	1.239267472	1.045985137	1.110825878	0.9721655055	1.197345879
	0.7670716606	1.695566724	1.730664055	1.751943398	1.484816488
	1.450889333	1.526730597	1.605612732	1.598598653	1.701785259
	1.694941121	1.702960689	1.561522713	1.582612568	1.695365783
	1.323603332	1.299115126	1.341146609	1.361933697	1.36972911
	1.396386007	1.503768782	1.528128605	1.477983262	1.151715692
	1.356320026	1.409872814	1.307983139	1.247780768	1.441571379
	1.595880063	1.029728464	0.7157433581	0.1243363973	-0.4739711527
	1.717767161	1.711115955	1.692578064	1.419742431	1.636308188
	1.66397872	1.614377276	1.606138956	1.548215043	1.632356961
	1.659440162	1.439724274	1.553015653	1.731119333	1.673862371
	-0.6656563959	1.709850589	1.487566556	1.585176605	1.549492501
	1.36418399	1.268175298	1.369609785	0.9377810438	0.8500599469
	1.132585601	1.32075897	1.22498679	1.686123116	1.710993014
	1.484220506	1.454480812	1.508897643	1.603265394	1.598272774
	1.655477172	1.648219662	1.650811507	1.645551476	1.582427054
	1.388432051	1.393214339	1.397557091	1.406347151	1.413867125
	1.512969992	1.536358262	1.459086393	1.128548183	1.370409255
	1.41883238	1.302660554	1.265151918	1.587859841	1.000055173
	0.1017218595	0.7820885242	1.69237451	1.67411532	1.650495292
	1.439623327	1.427442943	1.622708867	1.648965489	1.606375092
	1.604829064	1.504337727	1.612112409	1.561492521	1.636958277
	-0.1791414627	-0.7205611459	1.675312085	1.689720524	1.495818539
	1.471962847	1.566168525	1.540195312	1.623676852	1.609258281
	1.502247206	1.436675658	1.441051777	1.432692872	1.48154527
	1.043642383	1.409275792	1.305523916	1.162672216	1.66925944
	1.470555518	1.452347561	1.602651891	1.59354917	1.586004978
	1.592994368	1.586451503	1.586247077	1.575968148	1.432883425
	1.428765738	1.422317996	1.525135976	1.550389135	1.430207478
	1.15061379	1.390587866	1.354494759	1.317230855	1.267120066
	1.024520105	0.4401369996	0.9210354679	1.641941837	1.618923343
	1.603305594	1.436615342	1.433223796	1.60656242	1.621857522
	1.5963996	1.479829153	1.579357988	-0.09954053338	-0.7026426982
	1.638752713	1.647935087	1.453954894	1.484001307	1.524518103
	1.499939623	1.593262949	1.563289156	1.537474467	1.467468593
	1.496692072	1.473687506	1.512821752	1.526694508	1.556334543
	1.376532443	1.50782042	1.267670369	1.623607219	1.456646948
	1.443443344	1.575385162	1.580882323	1.575966005	1.534507681
	1.53177826	1.56649145	1.45218211	1.438706964	1.503831993
	1.398663426	1.14113017	1.346528182	1.306303495	1.2860327
	1.25313351	1.009713499	0.3997274532	0.8469484648	1.602017626
	1.562257869	1.551781974	1.438553438	1.581788261	1.589377358
	1.570032446	1.530961197	-0.1047579528	-0.684331259	1.591273874
	1.603732819	1.436348573	1.465591758	1.488524644	1.47692785
	1.556653515	1.519893449	1.537495928	1.443928574	1.450392102
	1.446406426	1.528501163	1.48784511	1.581342174	1.611303649
	1.59360244	1.625812118	1.492812613	1.582230844	1.439327653
	1.555622501	1.548246617	1.547576694	1.490421132	1.481529045
	1.459044571	1.444626834	1.472579447	1.50258656	1.378882684
	1.122955352	1.32407902	1.291500426	1.278849375	1.263944261
	1.243546354	0.992766596	0.883219028	0.378166501	1.558763974
	1.513146569	1.504511715	1.503227002	1.441674406	1.554146293
	1.543953367	1.481739101	-0.1771291292	-0.673496924	1.553040409
	1.419102024	1.462011321	1.45958197	1.530910846	1.534869791
	1.511797582	1.413674711	1.436315002	1.43814121	1.436565668
	1.540909946	1.491265446	1.686267169	1.590297754	1.680833102
	1.66810457	1.60248307	1.528706658	1.437177653	1.527980056
	1.509264943	1.530243101	1.523908982	1.452809983	1.45282305
	1.458451798	1.459015316	1.467569388	1.479205165	1.333723539
	1.369007416	1.125941917	1.287918659	1.261707193	1.257597636
	1.252940533	1.229465607	0.9861066691	0.7842989126	0.2258054909
	1.501360103	1.456316784	1.46769033	1.444789961	1.443111475
	1.50743593	1.433883713	-0.2660775827	-0.7701433353	1.501245138
	1.442789532	1.484626771	1.37771554	1.355402824	1.411370912
	1.434216594	1.431213436	1.428631708	1.548965852	1.491108291
	1.750706083	1.747092118	1.673008496	1.634330611	1.712812322
	1.470717339	1.491863791	1.465533979	1.480156668	1.429361026
	1.430372881	1.434042941	1.456918321	1.439000617	1.303857394
	1.110071162	1.254679504	1.23735549	1.25198106	1.24635536
	1.206913446	0.7100609813	0.8781310939	0.2175963479	1.453501677
	1.405145576	1.422080203	1.415893943	1.405129195	1.437896875
	1.457649452	1.411648077	-0.3823821453	-0.8739650939	1.445641696
	1.429482347	1.341200154	1.316031902	1.29973752	1.38451448
	1.450812275	1.419579781	1.386655846	1.429549406	1.422008086
	1.554084801	1.491885386	1.7930838	1.781814302	1.734464651
	1.727134665	1.63444191	1.409240393	1.414834131	1.439009915
	1.425647241	1.421081963	1.411209833	1.414568738	1.438334888
	1.459256326	1.255499078	0.8857552407	1.232338043	1.222560376
	1.235645156	1.232604129	1.208126832	1.200217977	1.149513317
	-0.03907023005	0.578163674	1.371906234	1.38942293	1.35443562
	1.367647241	1.385275117	-0.9853455599	1.392471656	1.386406117
	1.329789627	1.287646288	1.267391565	1.254759242	1.400599615
	1.411582844	1.408380044	1.341143673	1.377003738	-0.9591428381
	1.201001133	1.401778894	1.421253465	1.554844724	1.5001638
	1.816509879	1.84771356	1.81497744	1.737037324	1.636497801
	1.366292097	1.345879789	1.383929258	1.369023855	1.389658238
	1.436309487	1.464692914	1.218844894	0.5017348546	0.7916101643
	1.185863031	1.163094573	1.189504987	1.162949379	1.163279108
	1.079334264	-0.2724440144	1.324466428	1.348297141	1.341584827
	1.36780416	1.355808062	1.356230757	1.26748961	1.293627926
	1.236976676	1.223000765	1.353055724	1.406606037	1.322130166
	1.357039013	-0.9266301008	1.150902546	1.392027678	1.41495778
	1.562781792	1.507388923	1.830930345	1.879475742	1.842752659
	1.737058702	1.646797232	1.330648981	1.324873619	1.331248798
	1.326830071	1.376373018	1.437374766	1.463212101	1.183089812
	-0.2372519063	0.2795723473	0.3823184515	0.6980792453	1.14518032
	1.096610236	1.153435392	1.124782576	1.137549291	1.138081832
	1.315357434	1.329481778	1.343555986	1.329085274	1.360958981
	1.322013337	1.322351495	1.238535054	1.246324354	1.268127386
	1.228461789	1.198659126	1.200289976	1.181124813	1.39038333
	1.319315578	-0.8790895629	1.088877508	1.395122899	1.415140984
	1.57754699	1.522764818	1.476077954	1.881144093	1.81628215
	1.865282237	1.897326256	1.737215233	1.657121771	1.292895482
	1.305010025	1.295468291	1.302912809	1.288259924	1.297135158
	1.289826192	1.366327857	1.433329022	1.447297988	1.147811729
	-0.3052535642	0.2162627096	0.6795653766	1.122323559	1.121449167
	1.127324408	1.154662928	1.120500698	1.117256173	1.317625101
	1.326277693	1.342924378	1.291049562	1.214113246	1.222734605
	1.270779642	1.231103682	1.21073459	1.180984345	1.156135639
	-0.8111330142	0.8469809784	1.372679631	1.389620722	1.154346698
	1.407451218	1.598324486	1.473666252	1.537368147	1.432985637
	1.861536922	1.90225182	1.795873909	1.72193557	1.662216582
	1.28841538	1.31028167	1.303588079	1.269647779	1.250431421
	1.293571276	1.291384665	1.34710721	1.120012717	-0.3138378062
	0.0005845829671	0.398573584	1.108283788	1.116600529	1.100785727
	1.11142298	1.098475803	1.134476868	0.9008949807	1.313679551
	1.327673259	1.207148272	1.231564025	1.246847369	1.166479801
	1.19058627	1.20326735	1.14161625	-0.7653265229	0.6446540382
	1.362179353	1.377051756	1.147229738	1.31514422	1.39749896
	1.603012123	1.523209958	1.454459715	1.419094537	1.834303694
	1.892109434	1.772253707	1.721826569	1.662122388	1.300046215
	1.290133354	1.313522744	1.272237709	1.259524409	1.29097228
	1.290212842	1.342291084	1.32666122	1.130860474	-0.3851186771
	0.005445357599	0.3506831818	1.107757004	1.11592373	1.100066092
	1.103425817	1.119518922	0.9037748093	0.6497039542	1.311087171
	1.230993234	1.251486314	1.15296374	1.174932073	1.204280741
	1.217754463	-0.7663435277	1.351114394	1.373889796	1.354813014
	1.141930844	1.129294912	1.309114926	1.309960488	1.346256289
	1.227924854	1.383683394	1.602667801	1.469017174	1.538124089
	1.412658997	1.865957187	1.792983006	1.724837888	1.672898198
	1.301907219	1.296371976	1.311595769	1.282057229	1.263857976
	1.294459263	1.325409525	1.338785458	1.144232338	1.128565801
	-0.3554311304	0.03804413964	0.4147770257	1.114572045	1.10774682
	1.11318365	1.119818915	0.6914923542	0.9546025194	1.247055872
	1.2614725	1.164578046	1.189575256	1.21734263	-0.681647911
	1.35888089	1.335998743	1.143362214	1.134319124	1.3167494
	1.242065595	1.115611667	1.363290544	1.384181225	1.634393206
	1.586200324	1.465744818	1.532208723	1.417983774	1.830405274
	1.772265642	1.729086061	1.688016482	1.308975409	1.303789956
	1.31583602	1.285387772	1.274338292	1.303240795	1.331043741
	1.159051861	1.140932588	1.129255258	-0.2496186564	0.2415671224
	1.122370938	1.123448884	0.7256658118	0.9684380114	1.258658791
	1.269658384	1.192781617	1.229311522	-0.5526397826	1.348383504
	1.33522453	1.13904067	1.145282185	1.133664662	1.249096286
	1.138532951	1.126683039	1.359131404	1.386690388	1.613086321
	1.53593062	1.416090859	1.466958496	1.790529266	1.753111651
	1.676969197	1.731797701	1.313328274	1.330574243	1.31128901
	1.287295793	1.155545186	1.182356663	-0.1048435225	0.3642624281
	1.137478508	1.137653125	0.8844943564	1.121540228	1.269700618
	1.220062546	1.239779007	-0.6345910243	1.342172004	1.159096921
	1.149130418	1.259774	1.160747906	1.15678714	1.369292741
	1.35745244	1.394361824	1.650549485	1.595877241	1.479978569
	1.544195517	1.426059097	1.713712335	1.322821718	1.339131839
	1.314590551	1.289003696	1.182463981	1.205774091	-0.06060102862
	0.5476041935	1.153287244	1.155507406	1.067407829	1.130785988
	1.286440489	1.229502563	1.235262793	1.25452728	-0.5980363036
	1.168409035	1.172479563	1.276910075	1.182774462	1.178885223
	1.377232188	1.352661762	1.374952097	1.404713722	1.423654181
	1.617982191	1.6940143	1.464050006	1.538290138	1.334689437
	1.311714515	1.211300943	1.221792491	0.2138504671	0.8209541965
	1.171631643	1.129038916	1.177644286	1.300666703	1.293790601
	1.255668158	1.246470665	1.278967841	-0.4763155508	-0.02707310936
	1.183924255	1.20826352	1.198780039	-0.5615975223	1.367613599
	1.345087039	1.391295755	1.439886079	1.412806058	1.671558396
	1.594783783	1.477998627	1.521334815	1.316544402	1.23430883
	1.227572644	0.5405388397	1.01610824	1.194951882	1.171926085
	1.176829507	1.308365194	1.27739628	1.268699798	1.29828881
	0.0510208609	1.233423816	1.21762124	0.1062561597	-0.5706276322
	1.370560717	1.33865996	1.401035545	1.433098171	1.471749038
	1.636537992	1.546046686	1.261496879	0.7588964278	1.171151764
	1.233702288	1.163659622	1.210994021	1.323738171	1.299211037
	1.256351019	0.1755012681	0.7589549347	-0.4418538283	-0.3226341913
	1.373694015	1.3546892	1.397944635	1.424013533	1.447539099
	1.515101032	1.470184673	1.598847733	1.298246287	1.160775055
	1.170157613	1.272004164	1.248987371	1.190840252	1.334199649
	0.6451853452	0.1040141795	0.9953738025	-0.2343066526	1.371780557
	1.412892279	1.438896578	1.568068187	1.503328823	1.464786484
	1.333010849	1.186174093	1.156200961	1.28824539	1.250510857
	0.9307909118	0.5634995684	0.2654451083	-0.1422810702	1.382689749
	1.351272095	1.416636423	1.439634653	1.539951871	1.479606349
	1.147764852	1.142634517	1.20581152	1.288129021	1.239728727
	0.7798841472	0.3411731623	-0.08369903468	1.377640734	1.347525889
	1.410802089	1.455809435	1.425547083	1.499249287	1.132804791
	0.9529853292	1.167719943	1.263925518	1.214952082	0.4351050354
	-0.03921058041	1.379660187	1.331514299	1.343077295	1.449350928
	1.395223083	1.378194445	1.131073043	1.121511367	1.253139227
	1.19325915	0.5289522868	-0.0468701266	1.359721402	1.266479641
	1.320397103	1.348025691	1.126593393	1.140448475	1.219071592
	1.152538782	0.9617059117	-0.06681152833	1.352633421	1.232424358
	1.267567071	1.330253829	1.288576895	1.140210292	1.151236172
	1.193624237	0.6957915743	0.02746681437	1.219538127	1.166639044
	1.268292803	0.8276406147	1.207206859	1.076742845	0.115725263
	1.221538124	1.177415903	0.9089710984	0.1973222596	1.154851819
	1.198087418	1.19497615	1.169388511	0.8811232531	0.2650391441
	1.138392736	1.153102518	0.9060654367	0.3253511267	0.8143780758
	0.7524951588	0.3536441796	0.3822092646	