4683	
	0.003906842876	0.009359118083	0.02025235301	0.003598664683	0.006912272569
	-0.001225425786	0.01841504992	0.009837527438	0.026481247	0.03167276609
	0.02048599923	0.02617144799	0.0452954168	0.0365723423	0.03574002576
	0.066582989	0.05403852741	0.03948437676	0.003718366212	0.01228478917
	0.02190771302	-0.0007020190853	0.009085544209	0.01900016867	0.04161680754
	0.03174839717	0.03806007677	0.03012244993	0.04305854041	0.03560071946
	0.0558318351	0.04731395127	0.04912071802	0.05511891512	0.06817216736
	0.08116359715	0.06610839765	0.07854606165	0.007830429295	0.01294257717
	0.02224777547	0.002168116718	0.01283244243	0.006440518503	0.02398043755
	0.04730139208	0.05664578193	0.03801684944	0.05559927837	0.03132507419
	0.04623488147	0.03693848253	0.06670190671	0.06011268374	0.05819322236
	0.05726375212	0.08388100726	0.06947297488	0.09676723979	0.09312659757
	0.07910181082	0.09199379459	0.01646694654	0.01195374449	0.08036275781
	0.1024118952	0.02593447944	0.001315990482	0.01625441532	0.007354301263
	0.02293762928	0.0557455205	0.07224468403	0.07172421448	0.05327943872
	0.07146650712	0.03003774356	0.04816937689	0.03933986339	0.08465322403
	0.07948070372	0.05775963796	0.09393439542	0.07028901612	0.1125749783
	0.1182189484	0.1109596571	0.1050136096	0.0298704392	0.02391577186
	0.01513277792	0.08274748389	0.124783585	0.1076883946	0.1243891846
	0.04299012313	0.0005214694344	0.01349531803	0.006234928229	0.01830194413
	0.02487227255	0.07028702404	0.09488717896	0.09836299671	0.0815076731
	0.08828120253	0.03346207316	0.04578789531	0.0952222394	0.0608381962
	0.1064651636	0.1359713389	0.1337116579	0.1427265905	0.1291497935
	0.1192951412	0.02836191067	0.03348463746	0.02886420632	0.01778375982
	0.08810806149	0.07143092537	0.1010224286	0.1466501057	0.1309382972
	0.159436742	0.0298344149	0.03716845641	0.07718993235	0.0008321998412
	0.01129345829	0.006550525308	0.01779338165	0.02585787123	0.08346784156
	0.1072445245	0.1305080098	0.1085134463	0.1108850229	0.04832531364
	0.05796049144	0.1234018166	0.1619428785	0.1563349522	0.1745254555
	0.1520636041	0.1405003908	0.1331641976	0.03388761523	0.06800381165
	0.03477255064	0.02043474173	0.1108264206	0.09635078294	0.07459026993
	0.1589456582	0.1750113696	0.1449515269	0.1842723746	0.03651388441
	0.0393646337	0.03007176893	0.01867142501	0.0938456237	0.08551845815
	0.1200721661	0.1087524696	0.0901460643	0.003783386552	0.0002624072121
	0.01194006796	0.00777834467	0.01835493091	0.02130001867	0.1030286486
	0.1215725957	0.1241874481	0.1316518563	0.1322461547	0.04562460283
	0.05929211097	0.1374705574	0.1514999282	0.193113593	0.175946394
	0.2000311907	0.2098812615	0.2047617533	0.1607711873	0.1589247598
	0.04226755304	0.08579581888	0.03068894492	0.1188791804	0.07127875387
	0.1717846432	0.1923954163	0.2111200365	0.03863411044	0.03283752984
	0.02528117277	0.01408106683	0.08022911207	0.1030717826	0.1260725098
	0.1258373801	0.1020428003	0.1009553962	0.140732985	0.129002838
	0.1407810208	0.2040912472	0.1419771343	0.1043472687	0.09968870354
	0.002930592141	1.827213342e-05	0.01359435344	0.007778763924	0.01745006878
	0.1289550014	0.1619652249	0.1661977549	0.1384209722	0.04859112457
	0.03544312163	0.06128892906	0.144868695	0.1686330878	0.1664094296
	0.1868564498	0.2070247897	0.2227254195	0.1861869225	0.229807072
	0.2306099212	0.1693080217	0.05662514322	0.09705357981	0.03891896589
	0.2356762763	0.2416394464	0.02330143571	0.03056665628	0.009162462919
	0.07142699902	0.08522697008	0.1576331721	0.1521707115	0.1412232423
	0.1192679454	0.08508637624	0.1681269069	0.1550920647	0.231549882
	0.1526897424	0.1013622375	0.08799818177	0.203165193	0.04041923624
	0.1393327329	0.2641124239	0.2332804316	0.1784558847	0.1824382296
	0.1364642816	0.1132794793	0.004586395514	0.0008637316464	0.01035811925
	0.01515319767	0.175707062	0.1449314965	0.04722662105	0.02625571065
	0.0330850817	0.05842420699	0.1752288859	0.199864219	0.2004104438
	0.2245554657	0.2132445068	0.2459033435	0.188981704	0.2537571133
	0.2640896736	0.05236122589	0.1011042546	0.01801916783	0.04739412989
	0.02678533686	0.003888663433	0.06815085922	0.1807456979	0.1877876861
	0.1662454686	0.1600422015	0.1334270315	0.1128740342	0.07390811286
	0.2006176294	0.2675646182	0.1575410241	0.08649755242	0.198375301
	0.3277256462	0.1517082848	0.07489384827	0.2914393864	0.2878420104
	0.2550367995	0.2407626703	0.1865670671	0.1875018072	0.2131626397
	0.214357487	0.1882305539	-8.817339757e-05	0.08011228745	0.2616325716
	0.1490461524	0.130311056	0.002105303118	0.006246614649	9.293172968e-05
	0.01073728144	0.1958164031	0.05065487238	0.03747768561	0.0223731699
	0.02751476527	0.2108838831	0.2472908057	0.2346904923	0.2357191867
	0.2167841127	0.2734955123	0.2855059191	0.07979528685	0.111538841
	0.01503398057	0.05939582703	0.04050599112	0.05959510578	0.2156937856
	0.2268342325	0.1910848207	0.1763075541	0.1424503971	0.1206825409
	0.09686219283	0.06705096148	0.2460537747	0.2988456337	0.2781537815
	0.1654414583	0.07672118669	0.2895766427	0.4468489014	0.1225434727
	0.2204920178	0.0101733315	0.3087215938	0.3191612976	0.3044520731
	0.2649845944	0.2476607439	0.2008461196	0.1992064947	0.2503388873
	0.215008159	0.2513729862	-0.001151563347	0.03397200744	0.043183795
	0.2776844397	0.2806242393	0.2046787177	0.2587803059	0.1584779669
	0.1455009768	0.1246819452	0.0001079123533	0.003240203715	0.006534900271
	0.009382997673	0.2214620097	0.03712252249	0.04641868299	0.02771417136
	0.02036476188	0.2496831875	0.2783633218	0.2966671089	0.1033415277
	0.0138504313	0.0530132075	0.09006446718	0.05075935468	0.2622978277
	0.2823518839	0.2154783343	0.2363960736	0.1612224167	0.1906790625
	0.1405174321	0.1197914092	0.08207794382	0.1022979002	0.05793256117
	0.2928430389	0.3262304334	0.3063942691	0.175107729	0.06519042476
	0.4013039616	0.5371176901	0.09903161762	0.1727448071	0.3157607911
	0.006914555479	0.3288964125	0.3362785709	0.3234695577	0.277719271
	0.2498625238	0.2069864382	0.2993284053	0.2863594503	0.04093313558
	-0.002464147921	0.02881801558	0.2939975838	0.2964564079	0.217751875
	0.3046785925	0.2887612204	-0.004080528834	0.5918128433	0.191255623
	0.09485965248	0.05914166628	0.09933199223	0.167448755	0.1459413964
	0.1224761884	0.001898796755	0.0002541204838	0.004604211914	0.00925408357
	0.24258247	0.03699479877	0.02696331779	0.01763501445	0.302267612
	0.3248308012	0.31028094	0.09820115429	0.06552511533	0.04323128673
	0.3166776206	0.3326803301	0.2240835991	0.252559365	0.2694694027
	0.1681798637	0.2001571957	0.1448717286	0.1228858414	0.0776954606
	0.06246717361	0.04927900109	0.3380607657	0.3490207653	0.3492335019
	0.4336160341	0.1472316446	0.2634899348	0.005628369676	0.343920952
	0.3553001132	0.3481309582	0.3371975461	0.289270276	0.2752383759
	0.210005239	0.3456513824	0.3205711431	0.04331326447	0.01658245755
	0.3150453133	0.2303577852	0.3256383111	0.3392655868	-0.001629714512
	0.04382448833	0.5391438653	0.6480602629	0.1868098741	0.09782114767
	0.1155277366	0.07866319639	0.09479690622	0.02013285287	0.0003535723038
	0.6290829428	0.3526145403	0.1345057762	0.02499135017	0.3195127906
	0.4525198301	0.158733857	0.1014770932	0.161111213	0.1312213979
	0.001664574434	0.0001556228569	0.005043492935	0.0106605824	0.2641770646
	0.03579361111	0.01747269495	0.3505192778	0.3613534352	0.3319738859
	0.07926050667	0.3623975534	0.3706050536	0.2734817644	0.2395139302
	0.3111510472	0.1795056053	0.215702766	0.1533435996	0.0615483979
	0.04727394628	0.3775768969	0.3784976463	0.3689757328	0.3359321181
	0.1910412427	0.006220167033	0.3607048944	0.3688351919	0.3637398648
	0.2897693372	0.3059427506	0.2137635781	0.2260572611	0.3934857794
	0.3874493401	0.3650042133	-0.001504153701	-0.003321690634	0.3269485766
	0.250796993	0.3699364446	0.05306813913	0.5368691063	0.1870156754
	0.1193902968	0.1076649154	0.08892740226	0.0754251125	0.1441739641
	0.1242401957	-0.008549497791	0.04802707363	-0.0101026392	0.5327202444
	0.6101014739	0.3757051519	0.1590169958	0.02557759516	0.01775380942
	0.3638782585	0.4106871848	0.1746290224	0.1204065896	0.3066194459
	0.5533490206	0.4499756999	0.1062404974	0.142340259	0.3221464728
	0.3670537143	0.1659724787	0.0004301535111	0.001888475598	7.957076961e-05
	0.002868838228	0.006434767329	0.01169081654	0.2819270919	0.03558361366
	0.3860389069	0.3898213708	0.3476250219	0.1015924422	0.393087355
	0.4027019817	0.3373078058	0.2918760784	0.2539999726	0.1826242285
	0.2131665232	0.252122243	0.05843226737	0.04631651414	0.4125853783
	0.3875787236	0.3915997741	0.2334258851	0.01092230189	0.3765611067
	0.3837933024	0.3689130754	0.3754211825	0.3036351272	0.2415954124
	0.2259355084	0.4082256913	0.4193748359	0.4285162174	-0.04314573271
	-0.01322260593	-0.0671209529	0.3408785592	0.3953124974	0.09563944277
	0.4384999155	0.1925904314	0.1333699078	0.09255009905	0.1182216732
	0.07282974605	0.1818382992	0.1755717982	0.1101472492	0.04282130353
	-0.07039661586	0.06025311547	0.06849361439	-0.007152254288	0.4757499921
	0.4407923507	0.02473459642	0.01551223034	0.399935766	0.306264724
	0.143806484	0.3315204173	0.3035929	0.4171726203	0.1734601105
	0.04259144869	0.1603185831	0.3272618345	0.4107737337	0.3831590805
	-0.004592985907	0.4101222506	0.1184984394	0.1848291122	0.0001046666496
	0.0007734973387	2.917006453e-05	0.003342836674	0.001162377744	0.007750509468
	0.2719013771	0.3056405661	0.03408801394	0.4148332211	0.4161707214
	0.3696982721	0.1473486076	0.4235075543	0.4311528928	0.3898556765
	0.3484183236	0.3026023558	0.2155090477	0.2536164067	0.3043738871
	0.04477853898	0.05724078639	0.4475746322	0.3979867739	0.4060992418
	0.1494554922	0.007088746766	0.3922876038	0.3882333328	0.3833491871
	0.2504671485	0.2208706103	0.4332607365	0.4434475946	0.4550816296
	-0.02329704081	-0.07287350755	-0.06720946854	0.3505322408	0.1101510362
	0.1594474865	0.2978469371	0.1441981005	0.1681856002	0.1002965328
	0.08242723912	0.06861940705	0.1455836573	0.2146640511	0.1895683716
	0.2088378436	0.03049192389	-0.03398513364	-0.08912172374	0.07734344323
	0.3556771048	0.3242511309	0.02148393161	0.01155479598	0.2475950038
	0.2721309749	0.309746219	0.08931159957	0.2202957783	0.05947336247
	0.3290431335	0.3435684171	0.4439683634	0.4281373965	-0.005441493673
	0.07227169958	0.4295263392	0.1231688766	0.1461629213	0.1657751794
	-0.05719774054	-0.1177915901	0.2128202431	-6.178905673e-06	0.0002527816808
	-2.52497111e-37	0.0015595408	0.004816900238	0.00036566165	0.2840508467
	0.03224939481	0.4347875506	0.4254777521	0.4240289898	0.4047774247
	0.3697859473	0.3880640254	0.4428158576	0.4507170682	0.4242804521
	0.4064342697	0.3619006104	0.2573974379	0.3030692481	0.3614557305
	0.05004412039	0.4682959127	0.4692685806	0.4047702673	0.4142735985
	0.06287626254	-0.004373810554	0.4000565062	0.2607111818	0.4607732423
	0.4716594401	-0.08493682614	-0.01554552615	-0.1265570705	-0.1117402231
	-0.1108087058	-0.1136733875	0.170704964	0.144892727	0.2281563265
	0.223151567	0.1762936985	0.2054039943	0.1004840471	0.08113062973
	0.06446518318	0.1787942425	0.2545691242	0.2274801376	-0.01333593783
	-0.07389470587	0.169038423	0.01855552039	0.009321650605	0.1754753758
	0.176313482	0.134909241	0.08432402805	0.1528560768	0.02252097251
	0.07431133034	0.3464418611	0.320262093	0.3574811601	0.469573926
	0.4626598716	0.4516846584	0.06334526866	0.450148055	0.1543685926
	0.1277513871	0.1782842856	0.08824271853	-0.1076241725	-0.08451563493
	-0.1289926764	-0.119176794	0.1047138832	0.0697628364	0.1156842734
	0.07440941175	0.4598014867	0.2663559405	0.3511015887	0.1127715354
	-0.05525081821	0.05351014478	-0.09896732048	0.2635631262	3.659886047e-05
	-2.943005449e-22	0.00348716091	0.0005698122007	0.0001051412102	0.2894422717
	0.03972398831	0.02746964076	0.4522105586	0.4340476117	0.4024550286
	0.3824934804	0.400291916	0.4665602467	0.4494423257	0.4176063402
	0.44776084	0.3128628191	0.404890344	0.05375333339	0.4954669553
	0.4836788606	0.4173960771	0.433315523	0.007075861378	0.01232404059
	0.4899070013	-0.1096667472	-0.0849654945	-0.09530597805	-0.111153926
	0.1993955139	0.2385284759	0.2861278746	0.2830915405	0.09805967153
	0.2167545091	0.2531685769	0.1215110074	0.09284425397	0.0712663231
	0.2156592151	0.3112916936	-0.05660831079	0.03886419137	0.01658562022
	0.008545642003	0.1295664799	0.07633456271	0.1049530332	0.1114718425
	0.0774528599	0.05832872379	0.05683039931	0.3704408309	0.341170469
	0.4864840523	0.4930598037	0.4740429852	0.4796928137	0.2037911309
	0.457079215	0.1546987255	0.1945907651	0.008414833545	-0.131115313
	-0.1121731616	-0.1084430947	-0.07982279118	0.06113623449	0.06849548372
	0.06512650917	0.02433877327	-0.002738422863	0.08101601911	0.4748394065
	0.3083389106	0.3849351119	0.05655561325	0.05684779799	-0.04144363353
	-0.09257062003	0.07867014485	0.0769063989	-0.06424922331	-0.07370235708
	0.07086826335	0.07342003989	0.1176633974	0.1279430311	0.1009458602
	0.4437088058	0.4657881197	0.09780895767	0.03960070061	-0.06510743808
	0.1467780955	0.3275290677	4.104780464e-06	-3.722164632e-37	0.002350748376
	0.007961695737	0.0001494273931	3.130166853e-05	0.0009920722775	1.108208134e-06
	0.03972757765	0.02651368098	0.4478344453	0.4634126273	0.4175662627
	0.3965260628	0.4178098537	0.4879876975	0.4826516271	0.4645768707
	0.4856851814	0.3721770472	0.4438740943	0.05762922537	0.5066349257
	0.5083032842	0.4982224854	0.4314044248	0.4430599875	-0.05566121817
	0.01237736581	-0.150309981	-0.1432703251	-0.04046905303	-0.01291280546
	-0.1077572069	0.2725346125	0.314062385	0.3038760497	0.3439810622
	0.3465784781	-0.01879342725	0.2597619821	0.3045726829	0.1498869521
	0.08219510899	0.2515245245	0.3750828632	-0.02108134974	-0.02186330851
	0.01602161942	0.1200312955	0.04517898325	0.01029842998	0.04883716715
	0.1067982814	0.06880519416	0.05807771939	0.3725619582	0.5026394165
	0.5052921935	0.5016160377	0.3056259889	0.192974607	0.1660898741
	0.2304154169	-0.02348384529	-0.1761735873	-0.1868364153	-0.1655768368
	-0.0795512459	-0.0372278192	0.09198265931	0.06891164562	-0.0308366447
	0.01205207272	0.05780616038	0.4858295187	0.3548775559	0.4264908425
	-0.01462489303	0.03172082002	-0.08487029632	-0.1516608453	0.1899165484
	0.1178454211	-0.02558115467	0.02500809385	-0.06402436573	0.05749199318
	0.05026922382	0.1080517526	0.1525203077	0.1158490147	0.478142685
	0.4762730622	0.08235427562	0.01886867398	0.1167642575	0.08658178317
	-0.009977721864	0.4750390972	0.1163672655	-0.01357249258	-0.06294454407
	0.003238820939	-0.002176680153	0.01749109783	0.168020781	0.04414713581
	-0.002150528421	0.05621255485	0.4929596034	-0.01813105602	-0.04157837696
	-0.01410190842	-0.1572448441	0.3859104659	-7.440128347e-24	-3.306801971e-07
	0.004623027833	0.01762098287	0.01222681117	0.0006525353298	1.355016421e-06
	0.0001306134627	0.002734686505	0.03973523544	0.02758354544	0.4571342586
	0.4735899355	0.4311006262	0.4005642445	0.4242635132	0.4228486454
	0.4323504835	0.5014363901	0.5040205346	0.5034237046	0.4342327739
	0.4747467009	0.0708819075	0.0523893708	0.5163415824	0.5232946922
	0.5099943111	0.445429293	-0.0598997905	-0.07365228527	-0.187535289
	-0.1140764757	0.0246254851	0.0700956518	0.3689019773	0.3835518222
	0.3952061399	-0.0268164459	-0.03240266423	0.3143652697	0.3658085068
	0.1948738767	0.1867604912	0.09150782698	0.2718861572	0.3087646789
	0.4272899793	0.4070065245	-0.0354902011	-0.05422522559	-0.05318315378
	0.07700738256	0.02138641179	-0.0499705268	0.04069362525	0.04781500227
	0.01306185036	0.05853006576	0.02504905581	0.5224340712	0.5251965517
	0.5213706576	0.4010937975	0.2306472217	0.2719075965	-0.211925177
	-0.2369367588	-0.240448205	-0.04738265534	0.008430350061	0.1055002125
	0.05479144175	0.03751166427	0.04804192689	0.005467796976	-0.2303718505
	0.04179124607	0.01086499698	0.07173436526	0.008794039514	0.1136025492
	0.05954257007	0.143487533	0.06975429217	0.1456550983	0.1961768927
	0.1173091468	0.4979295901	0.4964630158	0.4843323824	0.0344179783
	0.07360062683	0.02373251318	0.0367029469	-0.03198548957	-0.05642442232
	0.1855424054	-0.05205534976	0.0156082851	0.001688402328	0.02391144695
	0.03898137597	0.01950329826	0.1874857268	-0.01590752652	0.001702753204
	0.004982277673	-0.1183347388	-0.17389273	0.5067588723	-0.0273953402
	-0.0636442607	0.001393051402	0.03737792829	-0.02989888609	-0.06114977061
	-0.2011476644	-0.1389004732	0.3016155455	0.4807445797	0.02558714379
	0.6407728784	0.03021365734	0.6245912197	0.5953998368	0.3531236442
	0.4187476307	0.5834346394	0.5454415903	0.527384327	0.6215186652
	0.06003682617	-0.07009236743	0.2231234403	0.4338816876	0.4338157476
	2.025157047e-07	-3.688572596e-39	0.006667880537	0.02387215469	0.03004105294
	0.01554011035	0.001583101605	5.164441077e-07	1.22005026e-06	0.0001800846611
	0.04251709371	0.4607232052	0.4805685904	0.4483027251	0.4495139745
	0.4440723644	0.5170850983	0.5258265872	0.5227264696	0.4665124654
	0.4834725975	0.5036573131	0.07973235269	0.5281375699	0.523022682
	0.5291640741	-0.02247445083	-0.1214240834	-0.1797290904	-0.1145076721
	0.05829458763	0.05571990545	0.4478441727	0.44276103	-0.01897104044
	-0.01372441566	0.3933316285	0.4211864449	0.2429844776	0.2281147088
	0.1005684425	0.3304936145	0.381487631	0.459626269	-0.03272129259
	-0.03910365888	-0.03307858389	0.03673953016	0.006973511759	0.0520269117
	0.003648536501	0.003361226304	0.05578871582	0.5382785292	0.5300310336
	0.536355483	0.2865054957	0.331104214	-0.2076032471	-0.257577105
	-0.2512176059	-0.1227771978	-0.06667346633	0.03152602696	-0.007396705795
	0.02643340708	0.05544486873	-0.03658330851	-0.01447347077	0.100506439
	0.1543762417	0.0951449728	0.03808227804	-0.004795123974	0.1286077343
	0.1630853435	0.2532518583	0.5271056799	0.5116361417	0.4958915749
	0.01805639631	0.04129227319	-0.1036009661	-0.1874122663	-0.06483060049
	0.01100479379	-0.04268407094	-0.2020037784	-0.02254896237	0.0367761464
	-0.02447038829	0.02057235818	0.06945289903	0.04621910273	0.2067716185
	0.2404710048	0.06358403091	0.02521739321	0.08078153822	0.004801433747
	-0.4831674652	-0.4626741605	-0.07466281737	-0.06952552707	-0.1325159786
	0.01802583188	0.1017397177	-0.03995122707	-0.04317383858	-0.2198712776
	-0.180401217	-0.1524915947	0.4524901221	0.5105195463	-0.0957750978
	0.6246281255	0.6457631976	0.5978916306	0.5612221402	0.484455929
	0.3870921744	0.3486942707	0.4511420312	0.5384395207	0.617088538
	0.565431433	0.5962429145	0.5277104664	0.602637622	0.05878069205
	0.008268659631	0.2805232258	0.2746918528	0.001773409384	0.637701457
	0.2559557316	0.4473921649	0.5375383538	-0.1546719028	-0.002833765262
	0.4040473319	0.4674224928	0.4800425141	0.4746292697	2.030804426e-07
	6.522144039e-07	-1.458002276e-37	0.006981270585	0.03817390538	0.04237970272
	0.0269778889	0.02350352755	0.01317515436	0.002527699968	0.001073067607
	0.4750258338	0.4629852807	0.4899566538	0.462968678	0.524505438
	0.5391548188	0.4986056928	0.5174366177	0.5318783102	0.0817249929
	0.1050228574	0.5312937384	0.5370748448	-0.005134791474	-0.07212793813
	-0.1858842647	-0.1886668867	-0.1254746862	0.03500309599	0.4956425294
	0.4852855904	0.0006654684243	0.004914143208	0.43709953	0.4539532633
	0.2888895386	0.3174768004	0.3960842159	0.427705364	0.5057181917
	0.484479655	-0.005737813275	-0.01507072173	0.07293741757	-0.07028687054
	-0.008608523269	0.0204247116	-0.06075719146	-0.1278478743	0.5450149635
	0.5439576155	0.5504015043	0.3630328027	-0.2342194715	-0.2764526608
	-0.1893328998	-0.2458737561	0.01765622591	-0.02520123941	-0.02167517407
	0.01330343042	0.1560605955	0.05713075255	0.0002155409649	0.007222589398
	0.03937350307	-0.3200891954	0.133931342	0.1699686598	0.1974198768
	0.3226704207	0.5256310692	0.5138991831	0.5016009867	0.04802212709
	-0.1343443239	-0.3925254826	-0.3214820574	-0.5792032337	0.0756186209
	0.03180122056	-0.5048270961	-0.3620756694	-0.5904604485	0.07928720932
	-0.09023566036	-0.2152436582	-0.1974699704	-0.4452699428	0.24263145
	0.3059992483	0.08965925099	0.09539186541	0.03054349366	0.0691626974
	0.08249280251	-0.789978648	-0.8058705233	-0.8570047636	-0.4126056513
	-0.2544457594	-0.2783616436	0.07680090574	0.1580494296	0.0391539185
	0.03131937423	-0.3021941628	-0.2538844021	-0.1688420444	-0.1305044922
	0.6093175192	0.5378031246	-0.3723206917	0.624188801	0.6079207613
	0.5991173065	0.5749701047	0.499198575	0.3417533537	0.2920226085
	0.5378689517	0.6140772858	0.573867011	0.5946611139	0.5815721749
	0.06099937136	0.08871861693	0.3474345059	0.1984476148	0.04251886801
	0.00879232954	0.306619507	0.4619447099	0.546153645	-0.536354699
	-0.008702846636	0.01888541399	0.4072671392	0.355509249	-0.4787737341
	-0.9182477522	-0.4311762853	0.05606502552	0.4699343901	0.5001014821
	0.5108725802	0.5124366681	0.4845893841	0.5008273271	0.005862970907
	0.03992388212	0.05639787679	0.03816484429	0.01786633167	0.02935019886
	0.008615633461	0.001002275442	0.4931986717	0.5369633955	0.5559867212
	0.526750394	0.5442285634	0.5488464512	0.1096297326	0.07967010571
	0.5459112728	0.5461396213	0.04104360118	-0.08079410012	-0.2691752849
	-0.3099226989	-0.2998645693	-0.2997525029	-0.1877268561	0.5246012814
	0.04200733725	-0.009659586425	0.4872043822	0.3712321853	0.3913389776
	0.4321383892	0.458578721	0.5176561077	-0.02076948624	-0.1125125121
	0.06438874421	-0.01131833181	-0.05728411241	0.006187303024	0.08110434965
	0.5536206633	0.5571050683	0.5573651552	-0.3176693151	-0.3864069153
	-0.4370028834	-0.02621144308	-0.2084719848	-0.5797149481	-0.3577053475
	0.06468892558	-0.0326815949	-0.2133260144	-0.08833022839	-0.6327657841
	0.1451006051	0.1876637773	0.2253015329	0.3906786669	0.5359392656
	0.5244410082	0.520454942	0.5097799221	0.04259190693	-0.3568169609
	-0.570316808	-0.6797670165	-0.7440876755	0.04797020184	0.050035739
	-0.8275943429	-0.885558516	-0.5056108418	-0.9701638786	0.0347680958
	-0.5565733087	-0.518298866	-0.7967191147	-0.7843402696	0.289921267
	0.3721933555	0.103674021	0.07724686676	0.01541989996	-0.8955613082
	-0.9416183722	-0.930549409	-0.5040884937	0.1175195807	0.03841493782
	0.02732057546	-0.04832676123	-0.3262027029	-0.3401901765	-0.2435981519
	-0.1597781631	0.3412087458	0.5519945068	0.5983863321	0.5879000718
	0.582022548	0.5025403315	0.2868234758	0.2090533954	0.5415726589
	0.5690603734	0.5771981307	0.5640783192	-0.1633434306	0.4103376994
	0.1144709425	0.06408953558	0.04224576729	0.0158670185	0.3595872285
	0.4504395769	0.5580831732	-0.8135974436	-0.04756149337	-0.01592385963
	0.3952642359	0.33972015	-0.6437128825	-0.6220043994	-0.9762078678
	0.0382582812	-0.02070416958	0.499759425	0.5012011636	0.0005171399554
	-0.7552694481	-0.3974532475	-0.6946803197	0.02905235151	0.01204944428
	-0.0258566374	-0.9844254815	0.1012359619	-0.5738035406	0.06113111171
	0.3467637816	0.5232703489	0.5304501594	0.5323092146	0.5439973122
	0.513013049	0.05660018668	0.07957873554	0.04805540747	0.01133849056
	0.02387264589	0.03856853182	0.0002789049952	0.5485601848	0.5608979454
	0.5479629132	0.556932269	0.5407895305	0.1018883392	0.1345828295
	0.07842807954	-0.126012409	-0.3822661586	-0.3538394522	-0.4267444467
	-0.5030695017	-0.5217136904	-0.4044635364	0.01681897016	-0.02565971552
	0.5265186432	0.4294670484	0.4465074749	0.4820383617	-0.1264887204
	-0.2043343046	0.04652706454	-0.05477751246	-0.005826572046	-0.1845336944
	0.5639561834	0.5599588228	-0.5855229221	-0.6620641124	-0.3502327758
	-0.5877838687	-0.7771825635	-0.05640441801	-0.2979294053	-0.4955732286
	-0.4158701007	-0.8097218103	0.1686861064	0.2117452891	0.2346564733
	0.2839712404	0.4519630401	0.5448387503	0.5339989102	0.5248950801
	-0.5771758704	-0.8248985937	-0.8137345053	-0.854135706	0.01139791053
	-0.03410661098	-0.01134709849	-0.8843615877	-0.8655559356	-0.9357913655
	-0.9708420564	-0.5490153462	-0.8271641826	-0.863740008	-0.8006080232
	-0.832727694	0.4193364033	0.4398709106	0.03217074867	0.08553608586
	-0.09133333468	-0.9786884442	-1.010918316	-1.030721334	-0.001045307227
	-0.07723980696	-0.2290215019	-0.3288849776	-0.29767346	-0.3484755124
	-0.3620799518	-0.2063357985	0.5751748672	0.570272951	0.5735625217
	0.5611578235	0.4849833112	0.5209244222	0.2708288102	0.2080206167
	0.1245056264	0.5504955666	0.5562636167	-0.4297172305	0.4614679581
	0.03919968912	0.4095884612	0.4448578823	0.5634452552	0.5695890425
	-0.8096628119	-0.08219059724	-0.05643986694	0.3908371594	0.3225835996
	-0.6894362247	-0.7712974756	-0.9763592806	-0.04249269668	-0.1234007755
	0.5154969563	0.5385190633	-0.01151599525	0.02179383992	-0.6368746779
	-0.9784765133	-1.026648136	-0.05155514379	0.04440267679	-0.9831962164
	0.0207206222	-0.8133675576	0.05009150335	0.01282258514	0.343268181
	0.398624194	-0.1693491175	-0.1203082687	0.02267451706	-0.2707705193
	0.0121741346	0.003721758718	0.455074848	0.5362738066	0.5399289288
	0.546322358	0.5486225959	0.5450139851	0.06956291662	0.09589326417
	0.1121425623	0.0583037915	0.01539124449	0.001007912316	0.03379391848
	0.5558161617	0.5690682279	0.5728592485	0.5667714899	0.5468548953
	0.1458956445	0.1829441317	-0.1257184499	-0.1670981798	-0.4849446532
	-0.4476068262	-0.5537228851	-0.6290972651	-0.7534184849	-0.5912001949
	-0.1884547238	-0.291827874	0.4781467426	0.5030506197	-0.3875737528
	-0.4245480177	-0.3421188087	-0.5625974309	-0.5675911754	0.5665164333
	0.5668989175	-0.6584925938	-0.7397512144	-0.6845372972	-0.7463707449
	-0.8365186202	-0.3145433952	-0.5679127294	-0.6705665759	-0.6864631028
	-0.8087349259	0.2422421403	0.2796012954	0.4961394577	0.5461223469
	-0.7781896653	-0.8214776177	-0.7744311234	-0.761353823	-0.03266695131
	-0.1452080714	-0.09407279667	-0.08488242698	-0.8766815159	-0.8914772972
	-0.9261668061	-0.9759170627	-0.9645873501	-1.035298596	-0.8086066326
	-0.8479588558	-0.8060716884	0.4705246597	0.489280243	-0.06572107487
	-0.05168319384	-0.1994888225	-1.002589853	-1.003330344	-0.2184909006
	-0.3739744976	-0.4633632547	-0.5509463092	-0.3103463006	-0.3696989333
	-0.4570606595	-0.2448426316	0.5564664494	0.560744229	0.5590708991
	0.4937759126	0.525156467	0.2380598596	0.1922903412	0.1240903
	0.5369643518	-0.5527919757	0.02215114776	0.449386419	0.4178217018
	0.4666031447	0.5739040956	0.5723666326	-0.7917358177	-0.147249358
	-0.1217888532	0.3338549668	0.3686518594	0.2715614829	-0.7391773541
	-0.1657916804	-0.2445463783	0.5397536562	0.5534347969	-0.02565939787
	-0.01095905171	-0.8700579359	-1.099899283	-1.07966013	-1.138801947
	-0.0358329734	0.04346942275	-0.9810102218	-1.000205592	-1.041832557
	-0.0626120084	-0.09363533619	0.4132728484	0.3565408735	-0.09487505372
	-0.1556478482	-0.2206833487	-0.01668049061	-0.04265969698	-0.06217290676
	-0.004389083985	0.4949510763	0.4795211848	-0.2706149283	-0.7108353097
	-0.1118145808	-0.2374700112	-0.3702888827	0.1969152483	0.4606906011
	0.5504155716	0.551411359	0.5504355142	0.5497736216	0.5513038392
	0.08060337856	0.1095095109	0.1300794368	0.07231271785	0.08788725469
	0.04671089118	0.0004025371802	0.02077387171	0.5654519075	0.5597082954
	0.573648187	0.5785665517	0.5721712913	0.5726494328	0.171331729
	0.2193794024	-0.3603502801	-0.2300629076	-0.5494728627	-0.6114035133
	-0.681239681	-0.6989205977	-0.7258135434	-0.7749250719	-0.469698592
	-0.5738612629	0.5222857812	-0.6187024639	-0.5840150873	-0.5806360667
	-0.689231422	0.5748269238	0.5710871192	-0.6952351381	-0.7411693283
	-0.7459424818	-0.8530337062	-0.6217230431	-0.6135919827	-0.712727197
	-0.7044825399	-0.8150988938	0.3123313774	0.2852082815	0.5238225397
	-0.7394002685	-0.7851345868	-0.7111875759	-0.1713546497	-0.2842881509
	-0.2144942136	-0.8658603398	-0.8966704058	-0.9407770194	-0.9998899886
	-0.9818672832	-1.009513206	-0.8407150887	0.5076549031	-0.1978078684
	-0.2142728344	-0.317897345	-1.02418645	-0.551752592	-0.6736446954
	-0.6732608673	-0.3182184175	-0.4457767506	-0.5313268335	-0.2930300588
	0.5486791895	0.5293837951	0.5500938612	0.5032316858	0.1437679152
	0.05927937909	-0.1223700531	0.4925380176	0.3550052055	0.4546044932
	0.4038818868	0.5753493414	-0.8365812123	-0.2016406081	-0.2391057015
	0.3057010768	0.2392035513	-0.7417982704	-0.3013592102	-0.3584702422
	0.5586734445	0.5450870906	0.567480214	-0.06315845554	-0.1200197659
	-1.05337567	-1.138593601	-1.18208609	-1.098268759	-1.227856618
	-0.01347699373	-1.008805001	-1.030399007	-0.1862423622	0.4218671828
	0.377069052	-0.06485768459	-0.1140227822	-0.1801657868	-0.1112007763
	-0.07720475345	-0.1341666421	-0.02939091312	0.5181092214	0.5084137209
	-0.2402456384	-0.3292568118	-0.6883425962	-0.210660632	-0.3690932886
	-0.3423354382	-0.4418605723	-0.3761942828	0.124475683	0.1556619453
	0.4617840892	0.4893414937	-1.293608522	-0.6791354896	-0.03480527101
	-0.3060915935	-0.9110358189	0.5756734135	-0.284711872	0.5322370351
	-0.1101991849	-0.2632275529	0.5622700578	0.55845609	0.5528040994
	0.5476243881	0.5455696039	0.1197933031	0.151540453	0.1066511332
	0.05922153718	0.08565116993	0.03672523238	0.0008754791636	0.01839356506
	0.5697143809	0.5766779648	0.5798043705	0.5846985712	0.5818951079
	0.2018765899	0.2579449919	-0.6605925593	-0.2911915927	-0.5653494518
	-0.6317404477	-0.6671243386	-0.6752094721	-0.7371202243	-0.6053004754
	-0.5962981884	0.5445401429	-0.6356626984	-0.6814308762	-0.6710414953
	0.5765150047	0.5756418354	-0.664203812	-0.7146751804	-0.7414990942
	-0.7632593458	-0.8401288386	-0.8845890924	-0.6599488363	-0.639512143
	-0.6618102709	-0.7911957636	0.3714399891	0.3249381108	0.5439077967
	0.5335689348	-0.6810540016	-0.7690948658	-0.3159785859	-0.4027331903
	-0.8897140734	-0.8745312043	-0.9562922112	-1.015090812	-1.006552836
	-1.049853758	-0.3542873505	-0.3452931488	-0.429182962	-1.030927403
	-0.6573348353	-0.6622077506	-0.3648493768	-0.5142783057	-0.5450505296
	0.5398719661	0.498869082	0.5095227031	0.4740262397	0.05595142637
	-0.01256885506	-0.2340681133	0.5128957969	0.5300605966	0.3377642936
	0.2780259979	0.4386593533	0.3853153201	-0.3366540362	0.2077231975
	-0.4333928632	-0.4476693866	0.571647652	-0.1818724944	-1.067649978
	-1.194719208	-1.137089254	-1.262117793	-1.045535805	-1.039956
	0.4271821965	-0.0883787744	-0.1390208907	-0.2058682023	-0.2355211991
	-0.1632038974	-0.2502726996	-0.06789518847	0.5298941726	0.5423791515
	-0.3002486315	-0.4178339029	-0.6579815957	-0.3197338434	-0.3774405604
	-0.3794101486	-0.3487715345	-0.4032131234	-0.4632263476	0.07028513884
	0.1402992649	0.08653293749	0.4755237251	0.5078937104	-1.333546202
	0.00296700505	-0.02806371483	-0.3650566992	-0.9204728302	0.5790509949
	-0.3693360081	0.5246136819	-0.1079556148	-0.3665143896	-0.4070837156
	-1.383395499	-1.377896054	-0.4739291479	-0.745500447	-0.6624543047
	0.5654114321	0.5569325136	0.546720305	0.533590856	0.5325336213
	0.1488741555	0.1915854362	0.1468829387	0.1169672128	0.06820702129
	0.04197558998	0.102831998	0.0009697188695	0.01953040101	0.5749806368
	0.5821208531	0.5823942223	0.5840228741	0.5842342064	0.2485636323
	0.3203878809	-0.6286093063	-0.6344318755	-0.3638025783	-0.5763168939
	-0.610224804	-0.6635326969	-0.680799418	-0.6174283447	-0.6363116627
	0.5647665503	-0.6360828452	-0.6755567845	-0.6728390417	0.5803421146
	-0.6559212772	-0.7289019964	-0.7909388882	-0.8632741008	-0.8429488414
	-0.9003926654	-0.8990847647	-0.6406233986	-0.647579918	-0.6655702809
	-0.808631311	0.3820498669	0.4412300683	0.4218183499	0.5517868489
	-0.6697249703	-0.3381782464	-0.4124807999	-0.9773136482	-0.951556421
	-1.039008679	-1.00406091	-1.045327332	-1.062817809	-0.4843096488
	-0.4848048861	-0.448992129	-0.6418227923	-0.4072526863	-0.4902673782
	-0.5414339149	-0.5621183111	0.47294132	0.5042499852	0.006474847686
	-0.0139188883	-0.0606628635	-0.355447173	0.5317074934	0.546194469
	0.5539449169	0.5446286005	0.2669694821	0.3183267536	0.1994316338
	0.4231084257	0.3632182671	-0.4699169174	0.5751408206	-1.086888128
	-1.17584975	-1.211783895	-1.121223343	-1.240177162	-1.300004931
	-1.062345011	-0.1129672696	-0.1641980745	-0.2612894395	-0.2583002791
	-0.1977737589	-0.3369485033	-0.04853550493	0.5570483838	-0.3766183159
	-0.5089890632	-0.6215907922	-0.3897562948	-0.3871444999	-0.3866089461
	-0.3869991981	-0.3690613398	-0.443226606	0.01951924872	0.06237121824
	0.1219772163	0.4990413772	0.4737200711	0.5256286042	0.03263532334
	-0.0151934998	-0.3921641552	0.5856170402	0.5787455389	-0.360529324
	-0.1386968696	-0.4580550618	-1.316389483	-1.390553083	-1.333522988
	-0.4840162228	-0.749249884	-0.6546014696	-0.6554967215	-0.7974180918
	-1.390986786	-1.371055439	-0.6987028526	-0.03197423354	-1.337809984
	-0.6043154774	-1.29075778	-1.228915119	-1.152425052	0.001538245862
	-1.274126521	-0.9607568715	0.5175808829	0.2968842325	0.4327606399
	-1.223049488	0.5682953267	0.5568463689	0.5362773157	0.521651179
	0.5111710605	0.190734632	0.2476428276	0.1387649188	0.1830687155
	0.09262183773	0.04209231026	0.0646344276	0.1289912507	0.000243311691
	0.01807210282	0.5782131774	0.5820949271	0.5887937079	0.5850190027
	0.3201997403	0.390954131	-0.6431887991	-0.6691833517	-0.3842665971
	-0.5840168237	-0.6548525514	-0.6737512034	-0.6535387243	0.5703177139
	-0.707744875	-0.7255562525	-0.6211451656	-0.8013019745	-0.8654899694
	-0.8335488614	-0.9362779208	-0.9046561884	-0.6559693265	0.4667755415
	-0.6708426032	-0.3597812528	-0.4238524976	-0.980431502	-1.074958081
	-1.008822173	-1.064210401	-1.029129713	-1.083898482	-0.4712166962
	-0.4755404086	-0.4652989583	-0.4578832773	-0.4329667117	-0.5041343868
	-0.5682615428	0.4774237079	0.4383949027	-0.04593683982	-0.03304247473
	-0.08385678373	-0.4450788524	0.5437242299	0.5649603418	0.557395893
	0.1974751571	0.2442407368	0.1297804993	0.3940199174	0.3421241657
	0.576663072	-1.203821964	-1.157350724	-1.124411202	-1.245769049
	-0.115701365	-0.170752059	-0.2497224359	-0.3613407646	-0.3481282544
	-0.2788824785	-0.217078372	-0.3852372317	-0.07088638292	-0.4589624684
	-0.4104143218	-0.4149137548	-0.4135608626	-0.4019910571	0.003838943384
	0.05635321855	0.4970401716	0.5369964832	-0.04439371595	0.5862404649
	0.5828630506	-0.1636923172	-0.4508140169	-1.293214474	-0.4716047084
	-0.7745117748	-0.6633093496	-0.6666301741	-0.7217314885	-0.6330092201
	-0.8865938916	-1.307155808	-1.253479829	-0.5562124805	-0.06256583706
	-0.06146879826	-0.02251498931	-1.151614822	-1.068674838	-0.9919757927
	-1.065744115	-1.227449374	-0.9556038842	0.5141770914	0.5286579383
	0.2751318715	0.220205705	0.4725091297	0.4447278498	-1.102830846
	-1.147055097	-0.3003747181	-0.978058475	0.442549276	0.5691976699
	0.5499966277	0.5041181408	0.5209340592	0.4840479034	0.2372673825
	0.3083310041	0.1680614658	0.2210118811	0.07250529763	0.1058894029
	0.04570736364	0.0241261357	0.170086615	0.1509927563	-0.0007113530429
	0.5775172362	0.5833584094	0.5806565362	0.3762959809	0.4304084764
	-0.6745664096	-0.6745934362	-0.6915530437	-0.4250974779	-0.6074587645
	-0.6385698714	-0.6773629587	-0.7033331796	0.576786031	-0.7452697724
	-0.8389866128	-0.7986352299	-0.8830755422	-0.9344682074	-0.9056581082
	0.4987678848	-0.6728542651	-0.451888244	-1.001310969	-1.09222244
	-1.0112477	-1.062468024	-1.029060765	-0.4564333648	-0.4587361388
	-0.4378002515	-0.483237508	-0.5159620446	-0.5784554926	0.3845555745
	-0.08024271422	-0.03837829682	-0.06938198827	-0.4100191197	0.5523851219
	0.5697212362	0.5616583726	0.1521725417	0.06874639286	0.3147077938
	-1.178652909	-1.121227284	-0.111520354	-0.1426828376	-0.2353734622
	-0.3420754243	-0.3355569166	-0.2483512433	-0.1621688166	-0.2266573525
	-0.3610489723	-0.107246825	-0.4630628163	-0.4405032574	-0.4375862516
	-0.4361839539	-0.4384403501	0.003500126527	0.5440586247	-0.09087919933
	0.5813404915	-1.200835016	-1.227654138	-0.4551673011	-0.6658824822
	-0.5642455688	-0.7953396536	-0.6349357445	-1.155885456	-0.0832722191
	-0.04548851406	-0.002466179061	-0.9918537796	-0.9139632224	-0.8446813309
	-0.8907824198	-1.17388895	-0.9532805469	0.5197621535	0.5343774101
	0.238470659	0.2025511389	0.1424561814	0.4933131664	0.474002991
	-1.024689052	-1.067905408	0.4465625906	0.3982801375	0.005736194371
	-0.2011349693	-0.4477622825	0.5520556656	0.5674282121	0.526542767
	0.4853990764	0.457618335	0.4905531514	0.2875989095	0.3626179358
	0.2619754016	0.2048738373	0.08211062053	0.04578422618	0.05293940665
	0.11533882	0.02194211869	0.1966752383	0.1478380354	-0.001153027836
	0.5737010102	0.5772717237	0.5777957788	0.4130205489	0.4554599831
	-0.6642098978	-0.6812343766	-0.7059735993	-0.7144681334	-0.7330690636
	-0.4571262115	-0.6241061388	-0.6363563427	0.5756029346	-0.790091573
	-0.8569278522	-0.9303290723	0.5140672106	-0.6662204281	-0.4444245844
	-0.9717571001	-1.075159406	-1.001153156	-1.03777822	-1.007602827
	-0.4478698276	-0.4258411685	-0.3990531838	-0.5030750715	-0.54003232
	-0.5856586631	0.3377312342	-0.09251449906	-0.06848511555	-0.04003257371
	0.5557378633	0.5684796751	0.5603880471	0.07192785311	0.006983121947
	0.2660454837	-1.121027332	-1.084841724	-0.121692712	-0.1812438394
	-0.2562594233	-0.3407180513	-0.2992680722	-0.1794539404	-0.1256888206
	-0.261287056	-0.3494497864	-0.4668400814	-0.4417262691	-0.4295330624
	-0.4589886972	0.5460844392	-0.1092464143	-1.115521942	-1.14235074
	-0.4480100212	-0.7124237712	-0.5341663638	-1.070344954	-0.08783478065
	-0.04051917988	-0.8276542556	-0.8857677674	-0.7510111693	-0.954470624
	0.5325473838	0.1915038911	0.1465155961	0.07835069297	0.5013264131
	0.4851590287	-0.941933025	-0.9955006722	0.4117308243	0.3593719923
	-0.03723961049	0.004498248417	-0.2247505803	-0.4589819145	-0.4562313158
	-0.01901791955	0.4274404165	-0.667000042	0.5638742742	0.06772421457
	-0.5508917093	0.5496665851	0.526646934	0.5598209699	0.4942401102
	0.4459339779	0.3943617103	0.4504231468	0.3202733648	0.4023564027
	0.3591565878	0.30757692	0.2484980614	0.06061162396	0.1004332527
	0.0241950695	0.02823857664	0.1880561546	0.1328945794	-0.000249743397
	0.5674955792	0.5666017815	0.5676280466	0.4672045501	0.4396333036
	-0.693921047	-0.6944161093	-0.7318334351	-0.7620241326	-0.5010913073
	-0.4785739036	-0.6300208529	-0.6578748744	-0.6559167162	-0.820804858
	-0.8807070045	-0.9092173785	-0.936508258	0.5207668891	-0.4516419675
	-0.9709124261	-1.036807619	-0.9705419836	-1.001924937	-0.4353129028
	-0.4079995987	-0.3721541515	-0.6135450433	0.2876076454	-0.08721274149
	-0.06832336997	-0.03829465369	0.5567819728	0.5523549437	0.01404749333
	0.1974456948	-1.058709364	-1.023953756	-0.1218630305	-0.1755719158
	-0.3559114357	-0.2483695025	-0.3273450263	-0.2005936507	-0.1686396406
	-0.152616551	-0.1350888182	-0.2859055939	-0.4492520025	0.5464637398
	0.5393346413	-0.1190007389	-1.041715234	-0.4590393975	-0.5833179204
	-0.4332396889	-0.9587841304	-0.09776941138	-0.0752524088	-0.6386532571
	-0.739890344	-0.7972401651	0.5304414737	0.123797841	0.5035799283
	0.4858518885	-0.8877537187	0.3232263872	-0.06887020892	-0.0431608658
	-0.256758613	-0.4671596692	-0.03147949221	0.5567841856	0.0102580225
	0.05088455075	-0.5372390333	-0.5839191547	-0.02096662831	0.4440079362
	-0.01480128439	-0.02129878408	-0.01688579437	-0.2225424335	-0.6648710657
	-0.4485610421	0.5299071647	0.4959818078	0.5485122958	0.4544356775
	0.3978630862	0.3372180761	0.4009220086	0.3792083402	0.4222604404
	0.3923334683	0.3479519018	0.3240424812	0.2849413535	0.2379601839
	0.04714931721	0.02728316082	0.08629451963	-0.0001111499348	0.2120348405
	0.1604270055	0.1161127119	0.5540090291	0.4447735748	0.4667263747
	-0.6870194991	-0.7259429664	-0.7553285716	-0.7967032781	-0.4914976155
	-0.4756662607	-0.6726873545	-0.6629969364	-0.8424122398	-0.8749016089
	-0.8998225483	-0.9374855851	0.5134211518	-0.9622434015	-0.9482718833
	-0.4224596401	-0.3850373855	-0.6349993402	0.2410757649	-0.08601382533
	-0.0671555225	-0.03296788665	0.5493705063	0.5462605532	0.1075201284
	0.1611852839	-0.9794356652	-0.972768344	-0.1327913995	-0.1962328384
	-0.3070735922	-0.3170573488	-0.1763562773	-0.1426133727	0.5381682867
	-0.1098545247	-0.9037515463	-0.4721965794	-0.472101678	-0.4348294539
	-0.799262327	-0.09093897882	-0.5284758607	-0.6164617159	0.5245152852
	0.488367074	0.2733719662	-0.07257733365	-0.06240666076	-0.03651074635
	-0.05406999667	-0.2668512751	0.5444915194	-0.008367441844	0.03199182157
	-0.5727668744	-0.5286943302	-0.01644824007	-0.03156165816	-0.02958261
	-0.03432070505	-0.2159475736	-0.4930531839	-0.4580931598	0.5280144738
	0.4859308083	0.5157407	0.4499916666	0.5303405783	0.4016119191
	0.3394490159	0.2593593904	0.3407604637	0.3572253153	0.3943730945
	0.4138080677	0.3627732121	0.3209651831	0.2978928967	0.2621893824
	-0.0009759833382	0.03760797967	0.07849275195	0.2371481194	0.1874122249
	0.128982745	0.4342963372	0.4557265517	-0.7144611601	-0.7462480536
	-0.7857575259	-0.8085562012	-0.502843616	-0.6981666253	-0.8401851586
	-0.8578699622	-0.8407817136	-0.8858607569	0.4946908669	0.507943478
	-0.8781811244	-0.8957622894	-0.446265455	-0.3671983602	-0.4237135601
	-0.671301687	-0.6127036563	0.2040236278	-0.08870498578	-0.04806527798
	-0.0714925551	0.5318909845	0.5367246255	0.5340972338	0.08126229404
	0.1335982922	-0.8685798476	-0.1477364867	-0.2822055106	-0.3208157859
	-0.1413309193	-0.1749092545	-0.1028967257	-0.07554499883	-0.7662340619
	-0.4907542691	-0.6371210302	-0.4384411096	-0.3795024048	0.5126079714
	0.4645300648	-0.06312316516	-0.04534852749	-0.04737276172	-0.2495314042
	0.5241554562	-0.02076038861	0.01860069532	-0.5475412384	-0.02035689654
	-0.02043906537	-0.0355529624	-0.04441210235	-0.04559750618	0.5168572047
	-0.03931228607	-0.7382702178	-0.02421854099	0.4772372128	0.4634259128
	0.4326123676	0.494492884	0.3908824238	0.4953014102	0.3370503257
	0.2829224357	0.1603511225	0.2194100196	0.2598750054	0.3281404739
	0.3706931903	0.3919936238	0.3274294665	0.3227862325	0.2773793673
	0.2891969667	-0.001605294014	0.03806467434	0.07988029965	0.2486964771
	0.2122961401	0.1672684105	0.1203148063	0.4092075381	0.42706874
	-0.741731375	-0.7776873328	-0.8073522846	-0.5242757876	-0.7097174235
	-0.7764349348	-0.7731462644	0.4910571122	-0.7789813894	-0.4826151281
	-0.3916554316	-0.4445283508	-0.6490921335	-0.5849866941	-0.08094537449
	-0.1109230865	-0.05521006928	-0.07278648823	0.5140273508	0.4999526007
	0.5163157287	0.07773773253	-0.2235108703	-0.2890224179	-0.3565649848
	-0.1203537973	-0.2161129263	-0.1540879135	-0.07366306129	-0.04919028028
	-0.5555064844	-0.3241481015	0.4958388497	0.4507700647	0.4342733159
	-0.03563028297	-0.02991336129	0.01914084477	-0.01077897206	-0.01575852189
	-0.02988952498	-0.0328914347	-0.02139879147	0.499505007	-0.6322457517
	-0.01725537849	0.4677186588	-0.01968587228	-0.02054661566	-0.02870007923
	0.4874701456	-0.01066458308	0.4452237564	0.4063863242	0.3722769323
	0.3164074493	0.4598530703	0.1612357158	0.08499480334	0.2495650189
	0.1816505749	0.2823149594	0.3108102199	0.3365765663	0.3549872718
	0.2782330165	0.2724678346	0.244517775	-0.001948254595	0.03864002193
	0.07959497712	0.2074302064	0.1852526638	0.1523216018	0.1179995786
	0.3695242571	0.3913847611	-0.735891097	-0.5207397589	-0.5582465942
	-0.6762122571	-0.6941015398	-0.6761831231	-0.6099356767	0.4684848974
	-0.4735622666	-0.408155558	-0.6064629042	-0.08869291115	-0.08043734672
	-0.1363272048	-0.06426043902	0.4814311927	0.4526485427	-0.2541274527
	-0.3241301897	-0.1015631208	-0.191330486	-0.1362987373	-0.05031705949
	-0.04464624033	-0.06908655966	-0.03147244147	-0.44513663	-0.2215814119
	0.4757477357	0.4368844617	0.4167042741	0.3908450358	-0.0197838966
	-0.02859203679	0.02492296054	-0.008827243376	-0.007886958255	-0.01310875831
	-0.009278758867	-0.007014931204	-0.02941296384	-0.01290926785	0.4580905704
	-0.002206404472	-0.0261092195	-0.5345534995	0.4511631281	0.4070019839
	0.3753584411	0.3247616459	0.09579539256	0.2394084716	0.1608231418
	0.2301572848	0.2428968135	0.2691536178	0.2944964679	0.3056978277
	0.22420214	0.2138780857	0.1943850516	-0.001739972151	0.07662590678
	0.03552024006	0.152831938	0.1022468633	0.3402718789	-0.6410744401
	-0.5091968253	-0.552179265	-0.6028853573	-0.5992896935	-0.5840716747
	-0.3504561741	0.4276659097	-0.4564009876	-0.3551556405	-0.3985995616
	-0.08625076097	-0.08178030539	-0.05802017257	0.4404273187	0.4359573391
	0.4090023413	0.4184566589	-0.1833953229	-0.2591444	-0.3077619635
	-0.08423997236	-0.1191229818	-0.02965473211	-0.04973134366	-0.03025725552
	-0.0145333417	-0.1510126837	0.3940156392	0.3968015501	0.355185624
	-0.02164083613	0.02725311201	-0.006890601204	-0.004179571594	-0.004915956589
	0.003158188219	-0.01752029219	-0.002531370939	-0.001690228991	-0.01263546894
	-0.01646086122	-0.4110323903	0.4161102721	0.3578180459	0.3182764543
	0.3079471123	0.08658027375	0.1529886419	0.2301457603	0.1784538744
	0.1704968984	0.1914547484	0.1837076969	0.2202742898	0.2474766878
	0.2300095746	0.2757247519	0.1586958251	0.1394760265	-0.001004572566
	0.06570129092	0.03033134508	0.09802402265	0.06217207754	0.2898511151
	-0.5325089528	-0.5451187725	-0.4916783752	-0.4886335834	-0.1513322759
	-0.2161219554	0.3717821483	-0.4118960914	-0.3431488645	-0.0779934734
	-0.08115342383	-0.06926865117	-0.0497835575	0.3955442278	0.3910367116
	0.3893797824	0.3574910856	0.3704911291	-0.1271317162	-0.2021107115
	-0.2649994696	-0.04605104741	-0.07329649718	-0.01399259567	-0.01778856283
	0.002597495045	0.3546123679	0.3009838118	-0.01591363009	0.03133490831
	0.003928836243	0.003098818588	0.004757278772	0.00456263461	-0.005717473875
	-0.01295443142	-0.01527564122	-0.340148669	-0.01341961757	-0.009054627432
	-0.1946621987	-0.0449506344	0.2394103204	0.3571014336	0.2855968336
	0.2009910353	0.08065846523	0.1376048451	0.1312287778	0.1228389559
	0.1338970034	0.1674371532	0.1358444747	0.1879623282	0.2152487657
	0.1735500288	0.1090812177	0.0825913706	-0.0008273203177	0.02444463013
	0.05215130474	0.04313426793	-0.4150506197	-0.4365251724	-0.08625433873
	-0.1097837131	-0.1852683035	0.3422945351	0.3132342608	0.3064296249
	-0.3428403472	-0.2997293858	-0.06548203209	-0.07280572555	0.3372744408
	0.3288701513	0.298913058	-0.0624126299	-0.1313013227	-0.2429551239
	-0.2019689775	-0.0205471447	0.00579484704	0.002459610336	0.0156745323
	0.2327539899	-0.03335910972	-0.002953621916	0.03487784536	0.007732601937
	0.01917775477	0.005066974282	-0.004598137445	-0.01395293327	-0.29525084
	-0.01666203415	-0.01111448998	-0.1435471729	-0.05340796477	0.1863498212
	0.3033009507	0.3219112881	-0.008855639408	0.2749278625	-0.002215714334
	0.1638863408	0.2003089963	0.1215947059	0.07771495365	0.07609189953
	0.1021391413	0.1139476875	0.08154373217	0.1449283032	0.09445423961
	0.1456216594	0.1593762446	0.1295633067	0.06267437899	0.04499728358
	-0.00110187971	0.01911447744	0.01845437126	-0.301440387	-0.07350750929
	-0.09122285503	-0.1244520951	-0.1968531354	0.266625231	0.2450461786
	-0.2440502366	-0.06339322328	0.2785068028	0.2329403479	0.2346684946
	-0.030440856	0.004088075075	-0.07871467336	-0.1889566543	-0.1429960477
	0.01987732968	0.03244532796	0.0370366144	0.186972353	-0.04646956839
	-0.0266588096	0.02089919368	0.01669949494	0.0310858177	0.005698025077
	0.0103726933	-0.01957015496	-0.08940796383	-0.05561255366	0.1400195416
	0.2319169924	0.2637069087	-0.009279912096	0.1721790553	-0.01843942112
	0.1172361617	0.131951151	0.01534781325	0.09557640377	0.129452999
	0.05195345735	0.01048107312	0.03918740948	0.06296959359	0.08560429398
	0.1133016913	0.05555925463	0.04374734054	0.1135354004	0.119771204
	0.09816175718	0.1017719262	0.03730192509	0.0147354	-0.001281469386
	-0.001111580517	-0.1786530853	-0.06394203872	-0.07256526106	-0.08062665589
	-0.1085308205	0.1742087399	-0.1616425975	0.1883963759	0.1157859294
	-0.01863153167	0.05349028246	-0.130778694	-0.08741880966	0.0508574228
	0.05865256926	0.05954559141	-0.04267869815	-0.05350333533	0.03216886074
	0.02686711276	-0.003873082664	-0.03985947719	-0.05763425283	0.1056625661
	0.153545335	0.2033866894	-0.009545180704	0.07904738203	-0.02981661175
	0.08571952171	0.08002510308	0.09944999883	0.04230488136	-0.006806739963
	-0.001461023563	0.003478049935	-0.03488490713	-0.05666314555	0.02520885117
	0.03607334137	-0.001687439836	0.01413790232	0.0852683632	0.06278721609
	0.02504419548	0.03948171086	0.01604025807	0.08951802589	0.07304796772
	0.08411370446	0.07816698951	-0.000896999176	-0.0009416916488	-0.1084012374
	-0.06163847398	-0.06917003889	-0.07542556449	-0.08009843899	0.09669538997
	-0.1055541167	0.1138167978	0.07427600799	0.0246061174	0.01348167785
	0.0125768418	0.07439954522	0.0806996908	-0.07118966084	0.08506328039
	0.07236624118	-0.05730392401	-0.05358803661	0.05787063307	0.04131938105
	0.009005743814	0.07317260895	0.0556007937	0.01504941584	-0.05599521548
	-0.03900273012	0.05490935181	0.03548296562	0.05397159412	0.04116943474
	0.05704582306	0.02611600788	0.007787263251	0.03282406929	-0.009582013728
	-0.06084248507	0.00528278776	0.04132212708	0.01880555542	0.01386558733
	-0.01814511466	0.07457762804	-0.03214208868	-0.001056332862	0.0636874584
	0.04249075736	-0.001230558933	0.01736029006	0.02125234995	0.06302238154
	0.06757032303	0.05265108958	0.06092600808	-0.06733147747	-0.07628062466
	-0.06546224279	-0.06753512659	-0.06927257585	-0.0645628985	0.001143315226
	-0.05523124442	-0.006177245146	-0.02764692547	-0.04719122685	-0.03281022869
	-0.06507374443	0.04452242788	0.1069708414	0.09236165375	0.09982131933
	0.09185316396	-0.06694393919	-0.06762148413	-0.06731993284	0.05508517337
	0.04848229036	-0.05091863002	-0.08280164723	-0.06562134125	0.02649794393
	0.00688950486	-0.003876725355	-0.03334218802	0.05698195792	0.04850866634
	-0.01297828632	0.03021883449	-0.0679668774	0.04814912192	0.06049223942
	0.007403720821	0.07850429438	0.06236404476	0.05648857675	0.03423635905
	0.006364087014	-0.05828939329	0.08283091545	0.1002326115	0.1142717267
	0.1106851802	0.08817957441	0.007398586484	0.02805279233	0.05961223485
	-0.07304202938	-0.09030613075	0.0277078577	-0.0007142158527	3.442374488e-05
	0.03987571856	0.05300710275	0.03272338841	0.04417056855	-0.05016664316
	-0.04292760622	-0.04072021575	-0.06631017775	-0.06913458195	-0.06187664723
	-0.1057121591	-0.1236186101	-0.09131722542	-0.1163749811	-0.0863512439
	-0.104573657	-0.1321917615	0.07592747501	0.1032707829	0.1167006376
	0.1160754773	-0.07814457475	-0.08098773328	0.07109390089	-0.0972218893
	-0.103202594	-0.1061755972	0.001928310389	-0.05054909667	-0.03590042887
	-0.05523077571	-0.03677409596	-0.1184858228	0.06935616533	0.005696750287
	0.0452056169	-0.07127330862	0.06981779273	0.07524464151	0.04905616271
	0.1009989661	0.1132162046	0.09625485622	0.07162046159	0.03743654232
	0.0474971892	0.09961332738	0.09274666067	0.1170651217	0.1289544533
	0.1391262864	0.01332801698	0.06951941401	-0.0870552228	-0.1767369456
	0.09637414834	-0.1314121881	-0.1357697728	0.0006571937434	0.01710259969
	0.04060780474	0.03206753317	0.001073593049	-0.05119295818	-0.03054223736
	-0.01134822758	-0.06474182345	-0.188554664	-0.1770861069	-0.2003565381
	-0.1858487978	-0.1650334517	0.07071944902	0.1172262529	0.1186235067
	-0.1004482869	-0.1023013228	0.09175600175	0.07481837415	-0.1217740025
	-0.1339625634	-0.03392398203	-0.1143053184	-0.1160853451	-0.08930081185
	-0.1882157889	0.0279242504	-0.07605171131	0.07511818761	0.07624197673
	0.06072461114	0.1348479445	0.1259236799	0.1427753033	0.1027932554
	0.07056027083	0.1022922422	0.1153440406	0.1621629132	0.1659769806
	0.1791971658	0.1400225017	-0.01048907449	0.07658895785	-0.09208967795
	-0.1006298654	-0.2378290111	0.0837987727	0.1091102709	-0.2170504565
	0.09197460601	-0.1735475426	-0.1972624064	-0.02613802169	0.008413889116
	0.02580652932	-0.01692624761	0.02656415461	0.0006570406683	-0.02832189973
	-0.05314965677	0.005162603992	-0.06536917047	-0.263276246	-0.2448277073
	-0.2442171649	0.04698778962	0.118543735	0.118218487	-0.1246879644
	-0.1297287598	0.09392666928	0.08442255672	-0.1433987279	-0.1557988394
	-0.07851935119	-0.1302240596	-0.1914508051	-0.1901949237	-0.2525362407
	-0.08268621955	0.08121204643	0.07347550321	0.08332281589	0.1796309885
	0.1194437743	0.1432690326	0.1803510371	0.1043469412	0.1063723018
	0.1114736348	0.2048881823	0.2157309592	0.205164182	0.1074042844
	-0.09610042623	-0.1167469096	-0.293049517	0.07086303751	0.09661808694
	0.1105092178	-0.2605963685	0.08407045951	-0.2180929783	-0.1925530369
	-0.3258605769	0.08711882687	-0.07600533453	-0.1220792015	-0.2683837844
	-0.08552863178	0.008519650053	-0.006911218856	0.01753053391	-0.03838856678
	-0.0002960199365	0.01907601467	-0.02662023725	-0.05422820095	-0.295083307
	-0.3193129279	-0.3003966052	0.1192606074	0.1096940788	-0.1642327282
	-0.1764952851	-0.1570006601	0.09210719886	0.0985231509	-0.1817478324
	-0.1953196205	-0.1512843956	-0.2310663416	-0.2599525372	-0.2778373462
	-0.3086136025	0.08163541703	0.08632089683	0.07472739682	0.2141161861
	0.1474056418	0.1185189204	0.1857898819	0.220785047	0.0971124889
	0.1042967618	0.2453947156	0.2564500212	0.1714127492	0.07584197199
	-0.09154761351	-0.1072551653	-0.152393002	-0.3507608938	0.07781698845
	0.0435174576	0.1010722445	0.1096439682	-0.3099874958	-0.2469701212
	-0.2175981939	-0.3596449934	0.08964826705	-0.05989194167	-0.1533314543
	0.04503226591	-0.06199714875	0.09408189424	-0.2925235961	-0.3253349842
	-0.1906586922	-0.08311592532	-0.1460696798	-0.001034053945	0.0003391440256
	-0.003750941972	-0.07409157513	-0.02274424731	0.005998855658	-0.03398842652
	-0.3375669144	-0.3729552747	-0.3412859954	0.1084030001	0.1014039147
	-0.2049953007	-0.2176355844	-0.2209605636	-0.2061624923	0.09353815732
	-0.2581119658	-0.3011876644	-0.3258214254	-0.3416180175	-0.3577029656
	0.08581612943	0.08267246659	0.09960108446	0.2506825924	0.1410651426
	0.119626868	0.1896317509	0.2423463601	0.09507193624	0.277231535
	0.1676097473	0.26953034	-0.09183795776	-0.1228763867	-0.1821496362
	-0.3857830754	-0.3898435185	0.08438173354	0.04590973943	0.1006820545
	0.1023874348	-0.3606642089	-0.2620274287	0.08747540107	-0.1707486338
	0.0986485888	0.0002971874295	-0.06872560993	-0.03096698967	0.08977718001
	0.1020890192	-0.3056301537	-0.3353686397	0.06357028326	-0.2323141336
	-0.373999359	-0.2280353907	-0.2884533901	-0.124457645	-0.2050338821
	0.00177076345	-0.05531527887	-0.03165439831	0.001177654027	0.004922087348
	-0.3860073911	-0.4034368288	0.1000011698	0.09528697226	0.09260244568
	-0.2655352109	-0.2781661377	-0.2623617371	0.08772781114	-0.3394797716
	-0.3753384949	-0.3829965636	0.07631530157	0.08192829246	0.1181953081
	0.2755622419	0.1337933348	0.1491765062	0.2101223946	0.2714934784
	0.2996015273	0.1669077879	0.2832817535	-0.1202100479	-0.1544151997
	-0.2155802416	-0.4158559974	-0.4116945928	0.0936731762	0.02913937523
	0.08888074974	-0.3935685449	-0.2129565597	0.05556978572	-0.0526319794
	-0.07949449855	-0.04011582167	0.1065364798	0.08934681846	-0.3439732887
	-0.3735628396	0.05622059426	-0.2772572216	0.07495058737	-0.4092137341
	-0.2831208455	-0.3498241881	-0.1074613022	-0.1764796537	-0.2490731684
	-2.729008698e-05	-0.0501384006	-0.0002590812005	-0.00302116986	-0.4181659919
	-0.4285803065	0.07495330574	0.08588474447	0.08610392046	-0.3270838208
	-0.3159750373	0.08228402871	-0.3926645018	-0.4138589161	0.0609697739
	0.1285562363	0.3036534586	0.1554607298	0.2104284092	0.2552625292
	0.3070669233	0.2810332895	0.1391416028	0.2590848786	-0.1321384746
	-0.184337312	-0.2608601878	-0.4335052474	0.07095535721	0.02427018146
	0.06442992363	-0.253341203	0.002775168773	-0.1067220006	-0.09806319628
	-0.05291017801	0.1080624025	0.07619250823	-0.374869125	-0.3919256217
	0.03444860194	-0.3124705953	0.06844110934	0.06801484183	-0.4251112442
	-0.431272598	-0.3325136314	-0.3918799664	-0.163927164	-0.09409300437
	-0.2948645878	-0.2064271757	0.00032260377	-0.009958902587	-0.4427469253
	0.06041663619	0.04782902954	0.05822111118	-0.3620325654	-0.3497576819
	-0.4240378912	-0.4362739964	0.05316289598	0.05259528663	0.1361565847
	0.2850624688	0.1697960827	0.2119671979	0.2478303381	0.2844818403
	0.2967751614	0.2622737317	0.2562422518	0.1219208978	-0.1320039403
	-0.1843765749	-0.2400869826	-0.3073177513	-0.4457986993	0.04651557995
	-0.005328479466	-0.2985210303	-0.02693762536	-0.1561110412	-0.07231988135
	0.09404483469	-0.3945393551	-0.4076571779	0.00236717004	0.02231292864
	0.02638859101	0.07062333053	0.04941089481	-0.4406327234	-0.4329880984
	-0.3721616442	-0.4199865853	-0.1596054953	0.0006497735384	-0.07559912323
	-0.2560310936	-0.3373614637	-0.03833480959	-0.4476952136	0.03263123111
	0.01800833022	0.02593559274	0.02589069745	-0.3924382469	-0.3729896742
	-0.3479669248	-0.4426996232	0.03208798285	0.006034584163	0.1373774068
	0.1089112359	0.2778374535	0.1559980005	0.2578738146	0.2051177489
	0.2765303926	0.2847837332	0.2544866276	0.2219182433	0.08290883656
	-0.1315267099	-0.1819114414	-0.2286920943	-0.288297654	-0.4495796184
	-0.02679496165	-0.3394223289	-0.01419809465	-0.1272133575	-0.09555889254
	-0.4161548154	-0.02708396356	0.01577545729	0.06814646745	-0.001072132709
	-0.4478401473	-0.4416662839	-0.4330452549	-0.3968341834	-0.4338536722
	-0.1571122588	-0.08043042458	-0.0004583994322	-0.3384615154	-0.2533129697
	-0.08107664527	-0.00235828721	-0.0239450358	-0.02255532549	-0.4006134031
	-0.413877335	-0.3678516632	-0.4467356479	-0.01756846523	0.1055845096
	0.268153875	0.1463573807	0.2651219103	0.2442817253	0.1785359311
	0.2750582728	0.2058120717	0.2283770639	0.1337942407	-0.1449752921
	-0.2074503896	-0.2345609704	-0.2821535912	-0.3229631407	-0.4495532228
	-0.0729869839	-0.3587106519	0.0178681821	-0.09617021477	-0.06331790774
	-0.08972021334	-0.03978155941	0.007995083883	0.06281163069	-0.04511430338
	-0.05221283937	-0.4254941237	-0.07025520681	-0.4447894725	-0.4385421317
	-0.4067680145	-0.4352397376	-0.1540571198	0.0001724259275	-0.0003215102538
	-0.2714214046	-0.358161877	-0.1518859826	-0.1219041806	-0.05693145214
	-0.06154140675	-0.08697805561	-0.3856432358	-0.4085526028	-0.4452561311
	-0.4404319513	0.08354882377	0.2205379144	0.1142543983	0.2578025403
	0.2152200567	0.2421661217	0.1383923454	0.1706075809	0.2482256289
	0.0850618864	0.1749928034	-0.2065103953	-0.2681473778	-0.253114487
	-0.3304003721	-0.3663843036	-0.06286698671	-0.1193361648	-0.1381819401
	-0.08972682006	-0.08946445918	-0.03869827324	0.02116005505	-0.1070159679
	-0.4321903884	-0.4151914567	-0.1129494929	-0.1054934577	-0.05698422427
	0.2142900467	-0.4154088576	-0.4371291297	-0.4083106421	-0.4252463993
	-0.1719581771	-0.07741051243	-0.0003978302241	-0.2785730001	-0.3597902333
	-0.1708337636	-0.2112062221	-0.1170756038	-0.1441795863	-0.3961958514
	-0.4350522483	-0.4263356998	0.04431648374	0.1528278743	0.1834840812
	0.08279096934	0.2268077825	0.1601312979	0.1165443394	0.1146632481
	0.2186893891	0.04237415994	-0.2579374817	-0.2859699887	-0.3264833141
	-0.3611967856	-0.1703311259	-0.1615103887	-0.1323889532	-0.1501124832
	-0.0967655438	-0.0218685501	-0.1594732563	-0.4231330197	-0.1519802061
	-0.142277658	-0.05069446192	0.1899040808	-0.4047101684	-0.4215056551
	-0.3956541841	-0.4034379193	-0.1727807078	-0.07697708568	0.000950091969
	-0.2807311713	-0.3444080504	-0.2090686675	-0.230766708	-0.1782049172
	-0.1933468242	-0.3861847971	-0.4182438831	-0.4074275859	0.0173768147
	0.04480457433	0.09921394588	0.09042479572	0.1361384603	0.05134748374
	0.1934797536	0.09714857153	0.1305694543	0.07507261501	0.07361070238
	-0.2647206969	-0.2809939613	-0.3336417032	-0.3021889548	-0.357392879
	-0.2082253696	-0.2018811322	-0.1878739767	-0.1450656739	-0.1984879273
	-0.14033077	-0.1052060056	-0.0710826162	-0.0347629506	-0.4034600547
	-0.179676611	-0.04134856448	0.1608614285	-0.3956596088	-0.3963719372
	-0.3710964939	-0.369360981	-0.380883382	-0.1074422305	-0.1944134221
	0.002696343932	-0.03450725099	-0.271541838	-0.3181796581	-0.248266889
	-0.2628277856	-0.2578871715	-0.2131870838	-0.2221645372	-0.2303592476
	-0.2321891092	-0.3729359782	-0.3906550256	-0.3855465961	-0.0222498991
	-0.0002780340678	0.03680398021	0.1003944633	-0.01919041763	0.0151697524
	0.04848086316	0.07358261204	0.1024272859	0.03958225799	-0.2821682099
	-0.3068221914	-0.3366742881	-0.2456430238	-0.234535211	-0.185946781
	-0.2229834587	-0.2464878224	-0.1752392004	-0.12844102	-0.08120356554
	-0.02782923596	0.09065100269	-0.3634443773	-0.3681788887	0.05100324215
	-0.3585888606	-0.3301571304	-0.3339060269	-0.3242758344	-0.3519084803
	-0.1277006714	-0.05601186395	-0.2065890307	-0.2600144723	-0.2736563217
	-0.2639711559	-0.2692180833	-0.2555403458	-0.2482857219	-0.25955088
	-0.2519702676	-0.2360894499	-0.3374576643	-0.06956123285	0.00764009193
	0.000176741435	0.01958748894	-0.04015967582	-0.06085249114	-0.02120119165
	0.007336565817	0.006672487017	0.03080040454	0.01840870548	-0.290254102
	-0.3095913887	-0.2200539071	-0.2338577457	-0.2450763123	-0.1532509443
	-0.1941462871	-0.2084385647	-0.1078464089	-0.01265833646	0.02284161165
	-0.3345659402	-0.325066253	-0.005618622867	-0.2950187593	-0.317957235
	-0.2723554167	-0.2698069032	-0.2839922897	-0.3035409601	-0.1330522285
	-0.06601178658	-0.1978888195	-0.2091927923	-0.212165519	-0.2638209573
	-0.2734135269	-0.2538078293	-0.2489136571	-0.2546128878	-0.2552672624
	-0.2393313691	-0.3061512055	-0.2984358332	-0.08331057085	-0.01987216416
	-0.02787017182	-0.03191614065	-0.03661653227	-0.0572783125	-0.01745573325
	-0.03569476276	-0.02558167787	-0.05783516871	-0.04506686084	-0.2743329797
	-0.2213624882	-0.2333123108	-0.123065664	-0.1630265099	-0.1861592999
	-0.2049637112	0.006003855432	-0.3144573997	-0.2960568307	-0.2921719336
	-0.07489704994	-0.05732152471	-0.2948228564	-0.2774228237	-0.285164931
	-0.1961636626	-0.2784431962	-0.2030436735	-0.2394319113	-0.2160611947
	-0.2654584144	-0.05992431772	-0.1336642838	-0.152183575	-0.1413142986
	-0.2626091877	-0.2676217423	-0.2578280968	-0.2424755142	-0.2488552564
	-0.2496498691	-0.2843776644	-0.2775099485	-0.1018617968	-0.07582322492
	-0.004701133118	-0.02577848292	-0.0559462446	-0.0516700777	-0.03830979371
	-0.06776682	-0.06843077492	-0.08428490451	-0.09599839112	-0.215856445
	-0.2315779238	-0.1378597286	-0.1578676451	-0.1761302588	0.006897454807
	-0.2691034459	-0.2725885626	-0.1240442871	-0.1037592755	-0.2792428577
	-0.1920790359	-0.0528274037	-0.2570219084	-0.2515000224	-0.1272347204
	-0.16434167	-0.2101712694	-0.1840327019	-0.2403809518	-0.04426574245
	-0.09168410837	-0.07772233032	-0.0716605523	-0.2557075797	-0.2606563316
	-0.2656293412	-0.252906247	-0.247677767	-0.2557773341	-0.2609910894
	-0.1146319477	-0.09316815841	-0.07243149247	-0.01883436327	-0.05833075476
	-0.08649199526	-0.108638225	-0.1190817946	-0.1493657917	-0.2176242765
	-0.234234305	-0.1382008994	-0.1659766171	-0.001597115737	-0.2587687128
	-0.2598875422	-0.1550024931	-0.1746699046	-0.1345228566	-0.1946127542
	-0.07793913771	-0.07426534385	-0.2469949498	-0.2395319832	-0.1180610666
	-0.1640382817	-0.2252460775	-0.2014218845	-0.02443976146	-0.005993480525
	-0.06157132047	-0.01026667769	-0.254079915	-0.2510290239	-0.2473814205
	-0.236985472	-0.1062821491	-0.1072670923	-0.03067855498	-0.07607667304
	-0.09652919696	-0.1203041551	-0.1565848408	-0.1886649223	-0.220452376
	-0.1304808321	-0.1747230423	0.02788623628	-0.2497316645	-0.1811417834
	-0.1572910978	-0.1978180563	-0.1045759887	-0.1121059706	-0.2366067103
	-0.2353177884	-0.2252364088	-0.07585218672	-0.1207774459	-0.1882709698
	-0.1535985094	-0.2153340577	-0.02214081735	-0.2465096987	-0.2420999601
	-0.2336354808	-0.2246961492	-0.1028987849	-0.09854909151	-0.02862518044
	-0.1149073339	-0.1247526343	-0.1471669381	-0.199008361	-0.198599946
	-0.2008469846	-0.1183545532	-0.1474911113	-0.1741307765	0.01329732905
	-0.1724673569	-0.1946969018	-0.1788670995	-0.117654179	-0.1314930656
	-0.2271548468	-0.2325106773	-0.2239704299	-0.2153298682	-0.2108779164
	-0.1058461208	-0.04313697028	-0.1960021651	-0.1593034812	-0.2299812266
	-0.22220276	-0.1160621433	-0.1046883511	-0.06711694327	-0.1574847128
	-0.1561539611	-0.2083355802	-0.2049424429	-0.2000614277	-0.174384454
	-0.1470583711	-0.1329902121	-0.1579368183	-0.0319725644	-0.05998952533
	-0.1893505193	-0.1341919087	-0.1561789423	0.01632837785	-0.2194786582
	-0.2112272609	-0.2143493075	-0.2036016658	-0.2103798001	-0.07517581386
	-0.133307165	-0.1913796453	-0.1764796973	-0.1949586412	-0.1169910021
	-0.1297911602	-0.1071779074	-0.1907383932	-0.1817223125	-0.2098391703
	-0.1917936274	-0.166912226	-0.1413048896	-0.1359652797	-0.1436309596
	-0.04421860181	-0.1488272426	-0.1672483541	-0.04921055929	0.02853066252
	-0.2040147495	-0.1773537398	-0.2012042444	-0.2039434411	-0.1952079736
	-0.1114342313	-0.1629887493	-0.1375530685	-0.1417224886	-0.2137128796
	-0.1764363463	-0.2018050117	-0.1959494996	-0.1542215927	-0.1439373465
	-0.154847739	-0.08546220817	-0.1360587512	-0.02309279703	-0.06272962399
	-0.1802233744	-0.1618169803	-0.1744491706	-0.1869139648	-0.1896637095
	-0.1723605244	-0.1785861847	-0.1306646481	-0.1488927146	-0.1974141404
	-0.1915855941	-0.164336117	-0.1789877236	-0.1908541243	-0.1530239122
	-0.1155740354	-0.08458171871	-0.1597990231	-0.04115362882	-0.1586349693
	-0.1661743735	-0.1670202928	-0.1285169319	-0.1507237793	-0.1648475558
	-0.1522036399	-0.1817821915	-0.1870735547	-0.1682372877	-0.178287037
	-0.1429066754	-0.1008881514	-0.06512404182	-0.018674303	-0.147572783
	-0.1522785976	-0.1442391892	-0.1390714698	-0.116595564	-0.1267393536
	-0.1477215665	-0.1592225789	-0.1695941303	-0.162765921	-0.1574908124
	-0.1044975679	-0.03799046356	-0.01169704387	-0.1191635232	-0.1381663457
	-0.1176454719	-0.09437562353	-0.0891580145	-0.09241641499	-0.1270145053
	-0.09891242159	-0.1523357522	-0.1363611711	-0.137065971	-0.02787252487
	-0.01373520189	-0.09173914092	-0.1173299996	-0.09566247945	-0.05948117148
	-0.04649195887	-0.07283217824	-0.1075065879	-0.1221113593	-0.1105642611
	-0.117601613	-0.05080161913	0.004711583503	-0.07952844403	-0.08985904454
	-0.08022610503	-0.05466898503	-0.10463783	-0.1011730747	-0.09805817735
	-0.1045882873	-0.08683374625	0.02623629715	-0.0721195817	-0.08960944122
	-0.08187340556	-0.07450544208	-0.07710671482	-0.0962113866	-0.09414919329
	-0.09681339111	-0.06460851918	-0.005871589196	-0.07492076164	-0.08280056847
	-0.06321078637	-0.08206597538	-0.08577880117	-0.08633698075	0.002470031915
	-0.05023706299	-0.07262267389	-0.06046386196	0.01109617635	-0.07185684368
	-0.05576527126	-0.0382756846	-0.06135713289	-0.05479499525	-0.003381391538
	-0.04083035269	-0.02613640656	-0.04933515433	-0.01209674519	-0.001292513342
	-0.01732513515	0.007583538792	0.02745304483	